1.4902529983373825e-06
-1.8214960846307804e-06
-1.3103118590152008e-07
8.5539664951284067e-07
-2.1451278371387161e-06
-1.3003921139898011e-07
-1.4351244317367673e-06
-3.1220241680784966e-07
2.8044448754371842e-06
-7.8718022678003763e-07
9.9623025562323164e-07
2.3467168830393348e-07
2.0703797076748742e-07
-1.4713066320837243e-06
4.2481391915316635e-07
-6.7955863869428867e-07
2.6954708118864801e-06
2.194816488554352e-06
1.7319100606982829e-06
1.2418638561939588e-07
-2.2143894966575317e-06
-1.8618661670188885e-06
2.1824178020324325e-07
2.3340362531598657e-06
2.8466472485888517e-06
-4.2947390284098219e-06
2.1733621906605549e-06
1.5489889619857422e-06
3.2081952667795122e-06
6.2823795587974018e-07
-7.6883418387296842e-07
3.7592512853734661e-06
2.8522565571620362e-06
-1.2998370948480442e-06
-6.9634785404559807e-07
1.6692001736373641e-06
9.9635167316591833e-07
1.8363423350820085e-06
-1.6726015701351571e-06
-5.0544667828944512e-07
-1.4837788739896496e-06
-1.1543934306246229e-06
-3.4461470477253897e-07
2.4899570689740358e-06
7.8741521747360821e-07
1.5879297734500142e-06
-1.4244258750295558e-07
2.0582276647473918e-06
7.0476579594469513e-07
4.7129702807069407e-07
-1.8322508594792453e-06
-7.1610702434554696e-07
1.4081748531680205e-06
1.4640505696661421e-07
-3.3762853490770794e-07
2.6049491452795337e-07
-2.123507783835521e-06
3.52066672348883e-06
-1.4907828926880029e-06
1.133520981966285e-06
1.2826144484279212e-06
4.0956200564323808e-07
1.9898825485142879e-06
-2.9068007734167622e-07
1.7845920865511289e-06
1.3165855534680304e-06
3.1936849609337514e-08
1.8443897715769708e-06
3.1531053537037224e-06
2.6828379304788541e-06
1.3567854466600693e-06
1.151169612967351e-06
-2.5889255539368605e-06
1.370535755995661e-06
-1.0053599908133037e-06
-1.6451281226181891e-08
-1.322248749602295e-06
3.9468005752496538e-07
-1.6320863096552785e-06
-1.2080827218596824e-06
-4.512634177444852e-08
-1.6076473912107758e-06
-9.564323590893764e-07
-3.1467527605855139e-07
2.9059101507300511e-06
-1.7398278941982426e-06
5.1088977670588065e-06
-4.3132686187163927e-06
-3.6536971492751036e-07
6.4131372710107826e-06
3.3368863228133705e-08
-1.7372389038428082e-06
-2.905742348957574e-06
2.0757079255417921e-07
5.4639656354993349e-07
2.3413451799569884e-07
1.6554411104152678e-06
2.2806757442594972e-06
3.4508116186771076e-07
-2.3614745714439778e-06
-2.0275235783628887e-06
-1.013429482554784e-06
7.315784955608251e-08
8.2111739629908698e-07
1.5271616575773805e-06
3.4565000532893464e-06
-2.8259728424018249e-07
-4.2349611248937435e-06
2.2297363102552481e-06
2.6789020921569318e-06
1.4824252048128983e-06
-3.2670101290932507e-07
-1.3211795248935232e-06
6.3030717001311132e-07
1.2667720739045762e-06
1.2556299679999938e-06
-9.0065861968469108e-07
-1.2166883607278578e-06
6.3990347598519293e-07
1.5685111520724604e-07
3.8449989006039687e-06
-1.1959851917708875e-06
1.5626977756255656e-06
-7.2300480269404943e-07
-1.1111382036688155e-08
2.7895544008060824e-07
7.9796654972597025e-07
4.7292787712649442e-06
8.6487557382497471e-07
-2.6160287234233692e-06
1.3798126019537449e-06
1.6796919908301788e-06
2.8599063170986483e-06
3.4487616176193114e-06
4.0688854596737656e-07
4.7333648467429157e-07
-1.2109330782550387e-06
3.5886905891402421e-08
9.1647746103262762e-07
5.8327270835434319e-07
4.3110699721182755e-07
1.5120465945983597e-07
-1.7420449012206518e-06
-3.8565178783755982e-07
-1.1347437975928187e-06
4.4735088522429578e-07
-1.8496114080335246e-06
6.809283377151587e-07
1.8496663187761442e-06
-1.1095693253082572e-07
1.7307472717220662e-06
-1.6102546851470834e-06
-1.1446156804595375e-06
3.2074074169941014e-06
4.883352175966138e-07
2.8662924478339846e-07
-1.0746032330644084e-06
9.3441644821723457e-07
9.9079022675141459e-07
-1.011791482596891e-06
-1.0007181572291302e-06
7.5314886771593592e-07
-3.2823493256728398e-07
-9.1350386810518103e-07
-1.3356739145820029e-06
-1.5636105672456324e-06
2.2061384186145006e-07
5.0524653261163621e-07
1.4758991255803267e-06
1.528511575088487e-06
-1.3837063761457102e-07
-4.5765050344925839e-06
-2.7081301823272952e-07
-1.4819278248978662e-07
1.2761670404870529e-06
-8.1144925445642002e-08
-7.9438507327722618e-07
1.6911195643842802e-06
-1.497236098657595e-06
6.7233997924631694e-07
-1.5234560351018445e-06
-3.5107439089188119e-07
1.5931466350593837e-06
4.8216173809123575e-07
1.3091045047985972e-06
-2.4527005848540284e-07
9.1129095380892977e-09
3.1043501280691999e-07
2.7548338721317123e-07
1.750620413076831e-06
-2.2064584754843963e-06
3.7182707046667929e-07
2.6286679712939076e-06
-1.7818795186030911e-06
-7.1199139028976788e-07
2.8792824195988942e-06
1.5138281241888762e-06
3.0480196073767729e-06
-7.3138795642080368e-07
1.0755625226011034e-06
-8.8997717284655664e-07
-1.8831960915122181e-06
6.627035418205196e-07
2.5390602331754053e-06
4.1049702304007951e-08
-4.0430356307297188e-07
-1.2931858464071411e-06
-1.9010969936061883e-06
-7.430481332448835e-07
2.8093618311686441e-06
-2.5908710199473717e-07
1.2606940344994655e-06
3.35955701302737e-06
-1.6948001757555176e-06
4.4203452489455231e-06
-3.4532084214333736e-07
-1.1783964737333008e-07
2.2224676285986789e-06
6.9083353082532994e-07
1.0220730928267585e-06
-9.8253394753555767e-07
4.0289467051479733e-07
-1.2957422086401493e-06
6.7179485085944179e-07
-1.0941645314233028e-06
2.5009865112224361e-06
-1.6567914826737251e-06
-2.5306926545454189e-06
-2.3110380880098091e-06
-8.1631952753014048e-07
1.0630856195348315e-06
-5.1041553206232493e-07
1.0795924936246593e-06
2.0407392185006756e-06
1.4219698414308368e-06
-5.5633176998526324e-06
2.5437594786126283e-07
2.7370242605684325e-06
9.0473196223683772e-07
-7.2179904009317397e-07
-1.86762781595462e-06
1.5909693047433393e-06
-1.5088371583260596e-06
3.1257707178156124e-07
-4.0546810851083137e-06
1.4005820503371069e-08
9.8943371540372027e-07
1.5192689488685573e-06
-3.7561557064691442e-07
-9.8592624908633297e-07
1.9450982335911249e-07
-5.4582613984166528e-07
9.1920048816973576e-07
-6.6781007035388029e-07
-3.6928925055690343e-06
4.0841687223291956e-06
-1.4774730061617447e-07
3.6080964491702616e-06
-2.9464495128195267e-06
-1.329684550910315e-06
-3.3900548714882461e-06
1.5253048104568734e-06
-1.1160307167301653e-06
2.0798229343199637e-06
-1.1998442914773477e-06
-9.7258293862978462e-08
-2.1265755094646011e-06
-3.9545676600027946e-07
2.7940211566601647e-07
9.5185174586731591e-07
2.6829038688447326e-06
-2.1338905753509607e-07
-6.2683290025233873e-07
-2.5121692033280851e-06
-2.3653415155422408e-06
-1.4878953606967116e-06
-2.1991691028233618e-06
4.5846886678191368e-06
-2.6176628580287797e-06
5.2039431466255337e-06
-4.96646271130885e-06
-1.4881802599120419e-06
-5.767655579802522e-07
-1.4713862128701294e-06
3.8617884001723723e-08
-2.1366333839978324e-06
6.9056932261446491e-07
-1.1724077921826392e-06
-8.6101476881594863e-07
-1.7552503095430438e-06
2.7586197575146798e-06
1.0972435120493174e-06
2.3291854631679598e-06
-2.5682993509690277e-06
4.7600278207937663e-07
2.572326707195316e-08
-4.5996284825378098e-06
2.5343936158606084e-06
7.1347922130371444e-06
3.727976263689925e-06
-2.6776970116770826e-06
-1.8278105926583521e-06
5.0488449687691173e-07
1.0353618336012005e-06
3.8166061244737648e-07
-1.9016030137208872e-06
7.9525852925144136e-07
-1.716743554425193e-06
3.9330325307673775e-07
-4.37133257946698e-06
-8.2782776189560536e-07
1.2175369192846119e-06
1.788661165846861e-06
1.7207561313625774e-06
1.3593205494544236e-06
1.393724460285739e-06
-1.8409422182230628e-06
1.2280802366149146e-06
-7.6264268500381149e-07
-6.036671493347967e-06
1.3975504771224223e-06
-8.6575647628706065e-07
-8.8085073457477847e-07
-2.6482246084924554e-07
1.1568113222892862e-06
-2.5536273824400268e-06
-1.0912973493759637e-06
4.2178038484053104e-07
1.389144472341286e-06
2.2501217245007865e-06
-7.0838245846971404e-07
1.6753062936913921e-06
1.2652371879084967e-06
-1.540006678624195e-06
6.7158521233068313e-07
-4.5854577024329046e-07
-1.5389291547762696e-06
1.157783344751806e-06
2.4818737074383534e-06
2.0426591618161183e-06
8.9310333351022564e-08
-1.3555286386690568e-06
-4.6120362640067469e-07
-9.5953737400122918e-08
5.106640855956357e-06
9.1834976956306491e-07
-3.8311006278490822e-07
4.5284062366590661e-07
3.9967676457308698e-06
2.8144011139374925e-06
-2.6898228497884702e-06
5.1192944283684483e-07
1.3509363725461299e-06
-3.0908336157153826e-07
-1.2710715679986606e-07
4.8078288727992913e-07
-8.9791956270346418e-07
2.1144787751836702e-06
8.7823110561657813e-07
9.0639969130279496e-07
2.0037759895785712e-06
-1.4398955272554304e-06
-3.685275487441686e-06
-7.3316289217473241e-07
-1.1996645525869098e-06
5.3603434935212135e-07
1.2550442534120521e-06
-1.5091335399119998e-06
-1.9124371419820818e-07
4.0605268623039592e-06
-6.4610060235281708e-07
-1.834751060414419e-06
-1.2666326938415295e-06
2.524872797948774e-06
-2.3483721633965615e-09
-1.6716871868993621e-06
-1.2544787750812247e-06
-1.3140015653334558e-06
-1.2426191915437812e-06
-2.9627467483805958e-06
2.5851920781860827e-07
4.3735735744121484e-07
2.0961726932000602e-06
2.6298209832020802e-06
-1.2729648233289481e-06
2.1236855900497176e-06
-1.4372186569744372e-06
-4.3361369534977712e-06
-4.0295158214576077e-06
1.1156118944199989e-06
-1.3341325484361732e-06
-7.2795580763340695e-07
-6.6352117755741347e-07
-8.8409154841428972e-07
-7.7624332561754272e-07
-3.942326657124795e-06
-8.510257316629577e-07
7.7738087611578521e-07
2.8750087039952632e-06
1.2474179129640106e-06
9.4747747425572015e-07
-2.5903379992087139e-06
-1.7505728919786634e-06
-5.4221832215262111e-06
-2.5532508516334929e-06
2.8029267014062498e-06
-2.3949460228323005e-06
1.9193046227883315e-06
-2.7751796096708858e-06
-2.6578350116324145e-06
1.166278480013716e-06
-1.5659386463084957e-06
7.423583383570076e-07
-2.316734253327013e-06
2.415645440123626e-06
-7.1027733383743907e-07
1.3822000255458988e-06
-1.0527610356803052e-06
1.8474627268005861e-06
2.0296422462706687e-06
3.122994712612126e-06
-1.6566409613005817e-06
-1.8023193888438982e-06
1.3434321317618014e-06
-5.7817696870188229e-06
1.3994167602504604e-07
5.9618196246447042e-06
5.1247743613203056e-06
-9.8873863407789031e-07
-2.9906414056313224e-06
-1.567295953464054e-06
1.2326607929935562e-06
-6.5447579800093081e-08
-1.4158473504721769e-06
1.1513232038851129e-06
-3.2638806146678689e-07
5.0938406275236048e-06
-3.867891791742295e-06
-6.4108530750672799e-07
9.3733717676514061e-07
2.1427581486932468e-06
3.0372734727279749e-06
1.0587020824459614e-06
1.5068427501319093e-06
1.0848748388525564e-06
2.6130123842449393e-07
1.8746104615274817e-06
-5.584034624916967e-06
1.1721608643711079e-06
1.2085313301213318e-06
5.5597104164917255e-07
-1.2577677352965111e-06
1.7034665233950363e-07
3.7933497765152424e-07
1.9459429267953965e-07
-1.2277466794330394e-06
-3.2169731412068359e-07
5.1219706165284151e-07
-2.0722663975902833e-06
-7.6651349445455708e-07
1.7060531263268786e-06
9.9622593552339822e-07
8.6042115299278521e-07
-1.4673287296318449e-06
-1.4339208291858085e-06
4.4453335590333154e-07
-3.592830580601003e-06
-6.624503043894947e-07
9.4684628493268974e-07
1.544991391710937e-06
-2.0947659322700929e-06
1.0759019914985402e-06
-9.0326534518681001e-07
-4.4579655877896585e-07
-2.5980671125580557e-06
-2.0795321233890718e-06
-1.6268315903289476e-06
-3.5334687709109858e-07
1.5639911907783244e-06
-1.788283384485112e-06
2.9129989798093447e-07
-1.5404958730869112e-06
4.6353039806490415e-07
9.4328470368054695e-08
1.5081307083164575e-06
-8.8721191104923491e-07
1.0741529195001931e-06
3.9512116245532525e-08
-4.4580815483641345e-08
1.1306641454211785e-06
1.6221445093833609e-06
1.0055325674329652e-06
-2.9259445000207052e-06
-3.9921396819408983e-06
-4.8295152055288781e-07
-4.7972264383133734e-08
-9.7136376098205801e-07
-1.0250982995785307e-06
-1.1278679039605777e-06
-1.6804237930045929e-06
-5.4443955832539359e-07
-1.3743532463195152e-06
1.6471348089908133e-06
8.3286636254342739e-08
2.1607306734949816e-06
-1.21405014397169e-06
1.978457248696941e-06
1.4604950138163986e-08
-8.9993591245729476e-07
5.2758002766495338e-07
-1.9363508272363106e-06
-2.5627296054153703e-06
-2.8217000362928957e-06
-8.230340426962357e-07
-9.0004516550834524e-07
-2.5082604793169594e-07
-4.6105296860332601e-06
-1.3675636409971048e-06
-7.4850333930953639e-07
-1.1427367780925124e-06
8.4859141225024359e-07
-2.9180102956161136e-06
4.2897778484984883e-07
-2.4184600988519378e-09
-4.8468641580257099e-06
-1.5809466731298016e-06
2.3596169285156066e-06
1.4591391845897306e-06
2.6357320166425779e-06
3.4639267596503487e-06
4.5435017455019988e-06
3.7560276666681602e-08
-4.4183536829223158e-08
-2.9402428936009528e-07
-2.8164824925624998e-06
1.1270265076746e-06
7.7819083799113287e-07
-2.9312739115994191e-06
5.8956388215847255e-08
1.0141740176550229e-06
2.5598631054890575e-06
-7.2506520609749714e-07
-1.1192478268640116e-06
-1.7093746009777533e-06
-1.8932963712359197e-06
-6.8565333322112565e-07
1.3277309562909068e-07
-1.3835241929882613e-07
1.6018799442463205e-06
8.4754879026149865e-07
-1.2837854228564538e-06
-2.7530217039384297e-07
-1.0567493973212549e-06
-2.5370520688738907e-06
5.9933483953500399e-07
3.5622076666186331e-06
-1.5117756220206502e-06
3.2147011097549694e-06
-2.1184964680287521e-06
-3.222267963565173e-08
1.2072058552803355e-06
4.7847629502939526e-07
2.9494259479179163e-08
1.1778372481785482e-06
2.5355236630275613e-06
4.1166458686348051e-06
-2.5595238639652962e-06
-2.1940868464298546e-06
-2.5632764391048113e-06
1.8570315205579391e-06
-1.183849121844105e-06
1.5004096667325939e-06
1.0006713182519889e-06
9.4520390803154442e-07
6.6000802689814009e-07
5.9426145071483916e-07
2.1581245164270513e-06
9.5032646640902385e-07
-2.4912480967032025e-08
5.1657929134307778e-07
8.4138338252159883e-07
-6.7337208520257263e-07
-5.0192994649478351e-08
-9.4262702532432741e-07
2.4204671262850752e-06
1.8052277255264926e-06
5.7834165545500582e-07
2.0024335753987543e-06
3.87049522032612e-06
6.9273210101528093e-07
-1.2371583579806611e-06
2.4976554868771927e-07
-3.9922119867696892e-06
-1.13806095214386e-06
-2.8669073799392208e-06
2.2188758066477021e-06
6.6484361127550073e-08
2.8913132155139465e-07
-3.4523708336564596e-07
1.3446658613247564e-06
-7.9854294199321885e-07
1.146750491898274e-06
-1.9978665477538016e-06
-1.7145678157248767e-06
-2.142524863302242e-06
5.9174737998546334e-08
4.9602749641053379e-07
8.0754034570418298e-09
2.3412617338181008e-06
-1.5643199731130153e-06
1.3192534424888436e-06
5.4186722309168545e-07
-7.9093354088399792e-07
-1.6589129359090293e-07
1.6439649925814592e-06
-1.3121669439897232e-07
6.3618779222451849e-07
7.5372378205429413e-07
7.9096253102761693e-07
-3.1309019732361776e-07
-1.3923340702604037e-06
-2.4024984668358229e-06
-8.8365061401418643e-07
-1.1723354873538483e-06
-1.2151763257861603e-06
-2.5726120611579972e-07
-2.3812769995856797e-06
-1.6711016996850958e-06
-2.2669212285109097e-06
-8.3797601746482542e-07
2.623697810122394e-06
4.9347681851941161e-07
-6.3275990669353632e-08
-1.951405238287407e-06
2.6207283099211054e-07
-5.5381201491400134e-07
-1.4059863815418794e-06
-2.8414947905730514e-07
-1.2150679822298116e-06
-1.9073861494689481e-06
-1.7799484339775518e-06
-6.7085585442328011e-07
-2.1225653199508088e-06
-2.160358462788281e-06
-4.1317939576401841e-06
-3.9267265492526349e-06
-1.7483495184933417e-06
-3.3517926567583345e-07
3.5497673707141075e-06
-3.3625185551500181e-06
2.1640321392624173e-06
-9.6695578122307779e-07
-1.1159966106788488e-06
-2.9436514523695223e-06
4.8004812924773432e-06
1.7896434201247757e-06
1.6983760815492133e-06
2.7160172066942323e-06
4.2100591599592008e-06
5.5358214012812823e-08
-2.2911542600922985e-06
1.7146062418760266e-06
-4.0733548303251155e-06
2.7254775432083989e-06
2.0564934857247863e-06
-7.2834327511372976e-06
2.6819609502126696e-06
1.2003616802758188e-06
3.6962514968763571e-06
-1.2929576769238338e-06
-2.1722819383285241e-06
1.3292645917317714e-06
-1.1840852494060528e-06
-2.8833840133302147e-06
6.3806140815358958e-08
1.1315307801851304e-06
1.7811663610700634e-06
5.2801391348111792e-07
-1.3057817795925075e-06
-1.0651316273424527e-08
-3.901572654285701e-06
-2.8100157578592189e-06
2.9820121199009009e-06
6.3028687691257801e-06
-2.8685103643510956e-06
1.997344043047633e-06
-2.5174883830914041e-06
9.9268868325452786e-07
1.0021318530561985e-06
-7.920363032098976e-07
3.4679698046602425e-07
6.1174216625659028e-07
2.4596706680313218e-06
4.6648719376207737e-07
-1.9777455690928036e-06
1.0135420325241284e-06
-3.6107526284467895e-06
2.7225837584410328e-06
-1.3563035281549674e-06
1.9933738713007187e-06
2.3634740955458255e-06
7.0443837785205687e-07
3.3443416214140598e-06
-2.2616336536884774e-06
1.2987779882678296e-06
-5.8249469248039532e-07
2.1408991415228229e-06
-2.3966208573256154e-06
2.4131525151460664e-06
-2.1152704903215636e-06
1.4884553820593283e-06
-1.63754657478421e-06
3.3961890721911914e-07
1.8745863599178847e-06
-1.6404828784288839e-07
1.142967676059925e-08
3.4408558349241503e-06
4.4021624034940032e-07
-1.3926104429629049e-06
3.066846375077148e-06
-3.5004172787012067e-06
-1.1255187928327359e-06
-2.3490219973609783e-06
1.297186372539727e-06
-2.642460913193645e-06
-1.3699020655622007e-06
-4.8079473344841972e-06
-3.4749032238323707e-06
2.2253666429605801e-06
1.4099391592026222e-06
-1.2103728295187466e-06
-1.8658923295333807e-07
-2.0442453205760103e-06
1.7124796158896061e-06
2.4404419036727631e-06
-1.9037137235500268e-06
2.3783225060469704e-06
-1.6131791653606342e-06
2.6723404289441532e-07
-1.4770867551305855e-07
2.297466835443629e-06
2.3614698818619217e-07
7.8375009593401046e-08
-1.2265870736882789e-06
4.3798138449346879e-07
-2.0245665837137494e-06
-3.4982822398887947e-06
8.4697603597305715e-07
-1.5808928992555593e-06
-3.5797909276880091e-06
-1.2285781281207164e-07
-5.1729557526414283e-08
1.1498914318508469e-06
-6.3106330117079779e-07
-3.2115713111124933e-07
2.586550635896856e-07
-3.0754267754673492e-07
-5.7681768339534756e-07
-4.5172089357947698e-07
-5.2316681831143796e-07
6.0324396145006176e-07
-1.8147511582355946e-06
1.2290215636312496e-06
-5.8995226481783902e-08
-1.973955249923165e-06
1.6999549643514911e-06
1.9362948933121515e-06
-1.9449644241831265e-06
1.2403684195305686e-06
-1.1604430483203032e-06
-1.3159457239453332e-06
-3.2401328553532949e-06
-2.0392187707329867e-06
-5.1164315664209425e-06
-1.2890237712781527e-06
-1.5094988157215994e-06
5.8603559409675654e-06
1.0443548603689123e-07
-1.0010120377046405e-06
2.2569965949514881e-06
3.7582665299851215e-06
-5.4826623454573564e-06
2.1330238269001711e-06
3.7161064483370865e-06
-3.8259536268014926e-06
5.3407384257297963e-06
1.0923441777777043e-06
6.7459950514603406e-06
-4.2155920709774364e-07
2.549865712353494e-06
-4.2779579416674096e-06
3.7972840800648555e-06
3.2076675324788084e-06
-1.3947941397418617e-06
-2.3051763946568826e-06
3.6151770927972393e-06
1.0102820624524611e-06
3.1023669180285651e-06
-2.6139359761145897e-06
-2.5394997464900371e-06
-6.2130925471137743e-07
-1.7410084183211438e-06
1.6858879234860069e-06
-2.4045405098149786e-06
1.3448644153868372e-07
1.7382888017891673e-07
4.5604647880281846e-07
-1.2182071031929809e-06
-8.9896798272093292e-07
-2.8577474040503148e-06
-3.6514779822027776e-07
3.2551545245951274e-06
-6.3980614868341945e-06
1.1915528830286348e-06
-2.7780483833339531e-06
-2.4867165393516188e-07
-1.3782012047158787e-06
-2.0074600115549401e-07
-2.9551165425800718e-07
-1.2525565580290277e-06
-1.2778764357790351e-06
-3.1892659535515122e-07
-1.6986361970339203e-06
-1.7201058426508098e-06
-2.6693423933465965e-06
-1.87265254680824e-06
-2.2752612949261675e-07
-1.2617100537681836e-06
-1.4556292171619134e-07
2.5932247353921412e-06
-2.9648915642610518e-06
-8.1951247921097092e-07
8.1136357721334207e-07
1.0961684893118218e-06
1.6192630027944688e-06
-1.7121801647590473e-06
3.0384176170628052e-06
-3.1350330118584679e-06
1.6049461919465102e-06
-1.4527020084642572e-06
3.2918790111580165e-06
4.3243212530796882e-06
-1.2625276895050774e-06
1.7801335161493625e-06
4.4023581722285599e-06
-2.4528883386665257e-06
-2.9010143407504074e-06
1.2425691693351837e-06
-6.4226564973068889e-06
1.3194754728829139e-06
-2.4336400201718789e-06
5.4436113714473322e-06
9.1249148681527004e-08
-1.2734118399748695e-06
-9.5815721579128876e-08
-1.3079372820357094e-06
4.4886146497447044e-06
5.1115175665472634e-06
-3.5310986277181655e-06
1.6825329112180043e-06
-2.4048754312389065e-06
3.4514405342633836e-06
-3.3577616704860702e-06
-1.9816020540019963e-06
-5.3562587254418759e-08
1.5270179574145004e-06
1.757555537551525e-06
-2.2695908228342887e-06
-2.0793863768631127e-06
1.8689404441829538e-06
2.0762399799423292e-06
2.2296879365057976e-07
4.2607603063515853e-06
-1.3450337519316236e-06
-5.0219487093272619e-06
-2.0311056232458213e-06
-4.55966664958396e-06
-2.9361831366259139e-07
-1.211470816997462e-06
-2.9069226457067998e-06
-2.0571501408994664e-06
-3.0602672040913603e-07
-4.61011154584412e-07
-1.2515357639131253e-06
-2.6834202344616642e-06
2.4678311092429794e-06
2.3826828510209452e-06
-2.7310052246320993e-06
-9.5912207598303212e-07
-3.981082045356743e-06
2.9227317099866923e-07
-1.5918149074423127e-06
-1.5627438187948428e-06
1.0868719755308121e-06
-2.2024551071808673e-06
4.3974741856800392e-06
8.7673731741233496e-07
4.03179853947222e-08
-1.3589187801699154e-06
1.332605279458221e-07
1.1476204235805199e-06
-1.8635735159477917e-06
8.5040483099874109e-08
3.6811931636293593e-07
2.9520599582610885e-06
8.6521094999625348e-07
-2.1845410458354309e-07
2.9043592348898528e-06
2.6609022825141437e-06
-3.1022286748338956e-06
-2.5758570245670853e-06
-3.1370882425107993e-07
-3.6010819712828379e-06
2.3235845674207667e-06
5.3787368869961938e-07
4.837747837882489e-06
9.3613368790101958e-07
6.9392069690366043e-07
1.8361192815063987e-06
-1.3082855048196507e-06
1.7740275097821723e-06
3.8652788134641014e-06
-3.5852169730787864e-06
2.138341415047762e-06
-1.0637231753207743e-06
1.2193103202662314e-06
-8.4823449242321658e-07
1.2524623116405564e-07
-1.8846501461666776e-06
-3.3630044526944403e-08
2.4771691187197575e-06
-1.7247499499717378e-06
-8.964452149484714e-07
1.0984621212628554e-06
1.8484748807168216e-06
-1.73754119714431e-06
3.3205546969838906e-06
-1.4526094673783518e-06
-1.4479137462330982e-06
-2.0189977476547938e-06
-2.8814808956667548e-06
3.2820043998071924e-06
-6.5019685280276462e-07
-8.9567527084000176e-07
-1.6141007108672056e-06
2.2010939915162453e-07
-2.0878660507150926e-06
2.6700132593759918e-07
-3.425039722060319e-06
1.3164597021386726e-06
-1.4482586720987456e-06
-4.2153278627665713e-06
9.533648039905529e-07
-1.8975098328155582e-06
-7.4859173082586494e-07
-1.1481262163215433e-06
-1.3701978787139524e-06
1.0223320714430884e-06
-1.8005322317549144e-06
3.401452431717189e-06
-2.1428202217066428e-06
-3.4069730645569507e-06
8.371954436370288e-07
-5.0589846978255082e-08
9.1039868266307167e-07
-4.382827683002688e-06
-1.3502639149010065e-06
-1.012674829325988e-06
3.6895510220347205e-06
-1.2026230251649395e-06
1.60433046403341e-06
1.2583080888362019e-06
1.6957883417489938e-06
-4.48325681645656e-06
-1.9672988855745643e-06
2.794438387354603e-06
-1.4295511618911405e-07
2.3116540432965849e-06
4.6876580199750606e-06
3.1085692171473056e-06
-9.8330474429531023e-07
-2.2989352146396413e-06
1.2045237554048072e-06
-1.3878891422791639e-06
6.3754109760338906e-06
-2.8043234578944976e-06
1.1318435326757026e-06
3.6744449971592985e-06
3.178244242008077e-06
1.382173422825872e-06
-2.3395882635668386e-06
3.1311167276726337e-06
9.2232016868365463e-07
6.0574518556677504e-07
-5.1615086249512387e-07
4.2779115005942003e-07
1.1526958587637637e-07
2.526783191569848e-06
-5.7230943184549687e-07
-2.7498549570736941e-06
5.012680048821494e-08
-3.9076908251445275e-06
-5.89876071899198e-06
2.9870097932871431e-06
-1.0786870916490443e-06
2.6994287054549204e-06
-4.3584572040344938e-07
-1.320679757554899e-06
1.4469896996160969e-06
8.6074339833430713e-07
-6.9771078869962366e-07
7.0609780777886044e-07
-1.010466689876921e-06
4.1155813050863799e-06
-2.2749554773326963e-06
-2.424597596473177e-06
-2.9022462513239589e-06
5.8837593996940996e-07
-3.9137921703513712e-06
-7.575006293336628e-07
4.9748678065952845e-07
9.5600807981099933e-07
2.6401173727208516e-06
3.0632845664513297e-06
-4.2406588818266755e-07
-5.2913437684765086e-06
1.1898922593900352e-06
1.1717372672137571e-06
-1.5236503259075107e-07
-4.2195415517198853e-06
-1.2620421330211684e-06
2.2393589915736811e-07
1.7095677549150423e-06
-2.9253212687763153e-06
3.1781933103047777e-06
6.8409752884690533e-07
-8.5321539700089488e-07
-3.1469398891204037e-06
-1.5047129409140325e-06
1.5834430087124929e-06
2.1694606857636245e-06
2.8615331757464446e-06
5.8181381064059678e-06
1.176520299850381e-06
-2.1340845250961138e-06
-4.7268958951462992e-06
-3.1571920544593013e-07
-3.6110650398768485e-06
7.8327102528419346e-06
-3.7503143630601699e-06
2.717700681387214e-06
3.0481896828860044e-06
6.3428697103518061e-06
2.2921049094293267e-06
-1.0410533377580578e-06
4.9678696996124927e-06
2.6867471660807496e-06
-1.1579692227314808e-06
-2.1180233034101548e-06
1.9123917809338309e-06
6.9159199256318971e-07
2.2133513084554579e-06
-1.4139989161776612e-06
-2.1782282146887155e-06
6.1390892369672656e-09
-4.0418062781100161e-06
-7.0264322857838124e-06
2.2273377453529974e-06
2.587147264421219e-06
2.6827754027181072e-06
-1.4192839898896636e-06
-6.278701221162919e-07
1.7339401665594778e-06
2.6460797926119994e-06
-2.917047140726936e-06
4.318736728237127e-07
1.9265087303210748e-06
4.6951658987381961e-06
-2.6847815206565429e-06
-2.6977204470313154e-06
-5.6218350437120534e-06
1.6574093706367421e-06
-4.2790757106558885e-06
1.0349597232561791e-06
9.6445546660106629e-07
8.5741532984684454e-07
5.885979589947965e-06
2.7790131298388587e-06
-2.1930059119767975e-06
-2.6145949050260242e-07
1.6032917073971475e-06
-1.7098120679293061e-06
7.4517879511404317e-07
-3.4690656320890412e-06
-1.011772269521316e-06
-5.5261415354834753e-07
2.781902708193229e-07
3.2679304240446072e-07
9.0170181010762462e-07
-1.122841013057041e-06
-9.1947828195770853e-07
-7.9198969160643173e-08
-6.5304266172461212e-07
3.6784053918381687e-06
5.5198796644617687e-07
-8.2939806134163518e-07
2.0485606455622474e-06
-4.9846198635350447e-07
-4.8916117521002889e-06
-3.312192120574764e-07
-6.1640926105610561e-06
-1.8971993540617405e-06
4.8394167606602423e-06
-2.8558729354699608e-06
4.258461672179692e-07
3.5909727102989564e-06
1.7243123693333473e-06
8.5701992702524876e-07
7.6993535458314e-07
-7.6163314588484354e-07
1.7303940467172652e-06
-6.6388076902512694e-07
-1.747466512824758e-06
2.8675026442215312e-07
1.7012550870276755e-06
7.5357365858508274e-07
-6.7318586616238463e-07
-1.332438273493608e-06
-2.3176089598564431e-06
-5.3945614126860164e-06
-3.6509727578959428e-06
5.7049146562349051e-06
3.6866538266622229e-07
-1.6757426237745676e-06
-1.9440590222075116e-06
2.482232048350852e-06
-1.3550830999520258e-06
5.6292765293619595e-07
1.2403314713083091e-06
1.0463651278769248e-06
4.6180166464182548e-06
6.9043056782902568e-07
-3.2208643006015336e-06
-1.3030256695856224e-06
-1.794550030354003e-06
2.5816399329414708e-07
-6.9498099719567108e-07
-7.1441832005803008e-08
-2.0233073882991448e-07
6.1495245518017327e-07
4.7053672460606322e-06
-1.5870598417677684e-06
-5.063964181317715e-07
2.6160018933296669e-06
-9.8666475878417259e-07
-8.8888725713331951e-08
-6.2920622667661519e-07
-1.2597890872712014e-06
-7.9218767723432393e-07
-7.4585028642104589e-07
-7.3130183864122955e-07
7.9854919476929354e-07
-1.2214975413371576e-06
-9.5083521500782808e-07
-1.498091251050937e-06
-7.9172627920343075e-07
-7.247036819535424e-07
-5.2578974418793223e-07
-1.001719965643133e-06
7.8753151910859742e-07
-3.9535768792120507e-07
-6.9099939992156578e-08
2.3780091851222096e-07
1.5584760149067733e-07
-9.9772785233653849e-07
-1.6743108517403016e-06
5.3084170303918654e-07
1.1961349173361668e-06
-8.6833284740350791e-07
-9.9744374892907217e-07
-5.2029730568392552e-07
-7.7398294706654269e-07
3.6495595168162254e-07
-9.3978633231017739e-07
-4.6997243430269009e-07
2.0898505681543611e-06
2.2132146568765165e-06
1.1611965646807221e-06
-8.2500753251224523e-07
7.9573396760679316e-07
2.1345206278056139e-06
9.8695659289660398e-07
2.1636185465467861e-06
4.0557495140092215e-08
-1.6159696087925113e-06
-3.4751815292111132e-07
-9.9178510026831646e-07
-1.2851080555265071e-07
-1.241938889506855e-07
-2.3648360638617305e-06
-1.1376722568456898e-06
7.1221052166947629e-07
1.6093659951366135e-06
-7.2841868359319051e-07
-1.4990496310929302e-07
7.7496167705248808e-07
1.0369717529101763e-08
-2.2623894437856507e-06
6.7155093574911007e-07
-1.2348089057923062e-06
-7.7057416092429776e-07
-1.0185323162659188e-06
-1.2465660574889625e-06
2.8735263413182111e-07
-6.9330121732491534e-07
2.0015204427181743e-06
3.0131440098557505e-07
1.1414108485041652e-06
-1.5485642279600143e-06
2.2821654965810012e-06
-1.0985110066030757e-07
1.8063876723317662e-06
-8.3673086237467942e-08
1.703148541309929e-06
-6.667608545285475e-07
1.6703966139175463e-06
-3.3067505000872188e-07
2.6759283855426474e-07
1.2138991678511957e-07
1.0104054126713891e-06
9.9487488114391454e-07
5.6837120609998237e-07
-1.6824837700823991e-07
-1.5733169220766285e-06
-1.4720808394486085e-06
6.5045372821259662e-07
1.708229206087708e-06
1.1449817520770011e-06
-7.5876542382502521e-08
1.1948351357204956e-06
-1.7203047946168226e-06
1.2663763300224673e-06
-1.6584039030931308e-08
2.7127853741149011e-07
-2.6587572392600123e-06
-8.5024191776028601e-07
-1.5392500927191577e-06
1.6321280327247223e-07
-1.1090720590800629e-06
1.2395450994517887e-06
-1.0054537824544241e-06
-9.7445467872603331e-07
-2.8035606192133855e-07
-2.9894938506913604e-06
1.0409073638584232e-06
-5.8394203961142921e-07
-3.8715648997822427e-07
1.2425541626726044e-06
2.2353569875122048e-06
-3.3364935916324612e-06
5.8476757658354472e-08
2.24060499931511e-06
1.36087305691035e-06
8.0243381717082229e-07
-5.2162516794851399e-07
-1.9776996396103641e-07
6.4864480009418912e-07
-2.8085057124371815e-07
-2.9908503620390547e-06
-2.907116140704602e-06
-1.434805199096445e-06
2.723047600738937e-06
6.2194482097766013e-07
-2.0405450413818471e-06
1.3884812233300181e-06
-1.3903509454848972e-07
-1.2996131317777326e-06
-2.9418023927973991e-07
-1.9845060705847573e-06
-1.2741936643578811e-06
-1.4318376315713977e-06
1.1745262327167438e-06
1.1538768376340158e-06
-2.3235702428792138e-06
-2.8127087716711685e-06
-1.0155822565138806e-06
-3.3988789027716848e-07
5.8453167639527237e-08
-1.5014063592388993e-07
-9.7323891168343835e-07
8.503238859702833e-07
-3.095123929597321e-06
-7.4688955464807805e-08
1.9369267647562083e-06
6.7085699129165732e-07
1.6482960063513019e-06
2.7206119739275891e-06
-1.9494680145726306e-06
1.2930315733683528e-06
-3.7559429983957671e-06
-4.0612512748339213e-06
6.2504773268301506e-07
-1.5539033029199345e-06
-1.1988818187091965e-06
-2.2705330593453255e-06
-2.9899297260271851e-06
1.7814702459872933e-06
-1.1806858992713387e-06
2.3016493742034072e-06
-7.4803898542086245e-07
1.3913083876104793e-06
1.2581097053043777e-06
3.45229796039348e-06
-1.3685692010767525e-06
3.8221975273700082e-07
2.2177337086759508e-06
3.3489009183540475e-06
4.5380170377029572e-07
-5.1198639994254336e-07
1.9828114545816788e-06
-2.8606498290173477e-06
3.8785242395533714e-07
2.5024783099070191e-06
5.0464541345718317e-06
1.1299534889985807e-06
-1.6775304629845778e-06
-5.8057958085555583e-07
6.2536565792470356e-07
2.412018602626631e-06
-3.8622630427198601e-07
9.671277894085506e-07
4.5663429659725807e-07
3.9156216189439874e-06
-7.5502612162381411e-07
6.9911266109556891e-08
6.8812073550361674e-07
9.6034602847794304e-07
3.4023023545159958e-06
-3.2694026685931021e-07
1.1901533980562817e-06
4.5462854814104503e-07
-1.8492851268092636e-06
4.2332640077802353e-06
-1.6725583691368229e-06
1.2644544540307834e-06
-1.9157669157721102e-06
1.4521225466523902e-06
-2.3497298684560519e-07
1.5871019058977254e-06
-1.4683694189443486e-06
-1.0889367274558026e-07
-1.7759948605089448e-06
1.5973926110746106e-06
5.048854063716135e-07
1.0677459840735537e-06
1.2715545381070115e-06
9.763842854226823e-07
-1.2035188774461858e-06
-1.6761093775130576e-06
2.2690437617711723e-06
-8.7408420768042561e-07
2.4436765215796186e-06
-2.6122734197997488e-08
3.6336116409074748e-06
-2.2960455225984333e-07
-1.2808998235414037e-06
-2.8672025109699462e-06
-4.0185949501392315e-07
2.989946096931817e-06
-1.1022917760783457e-06
-1.5135622106754454e-06
1.9594256173149915e-06
1.2287651998121873e-06
1.5338821413024561e-06
4.4660242792815552e-07
1.4541552673108527e-07
6.004440820106538e-07
-1.3916488796894555e-06
-1.1922086287086131e-06
-1.35825041525095e-06
1.0732078408182133e-06
1.95185566553846e-06
1.1203228496015072e-06
-2.2651538529316895e-06
-8.2565463799255667e-08
-2.5038330022653099e-06
-1.6146165080499486e-06
1.4503267493637395e-06
-1.1922923022211762e-06
8.4299347236083122e-07
-1.3436715562420432e-06
-1.9448631860541354e-07
5.6494553746233578e-07
1.08820086097694e-06
-1.6187060509764706e-06
4.7728741492392146e-07
-1.5711889034264459e-07
2.3975081830940326e-07
-3.1037025109981187e-06
-1.3168437362764962e-06
-1.3560834304371383e-06
-1.5424008097397746e-06
-1.8670064036996337e-06
-1.0831159897861653e-06
-6.5138385707541602e-07
9.5240142172769993e-07
1.1147717486892361e-06
1.1098863978986628e-06
-9.2269493734420394e-07
-5.1559993607952492e-07
-1.5406253623950761e-06
5.4475594879477285e-07
-4.7819958126638085e-06
-6.2361766595131485e-07
-7.7295976552704815e-07
1.0338515039620688e-06
2.7760233933804557e-06
-1.5845516827539541e-06
5.489197860697459e-07
1.3310838085089927e-06
9.1726235496025765e-09
-2.1332805317797465e-06
3.5827970350510441e-06
-2.3136979052651441e-06
8.5363950574901537e-08
1.7833561969382572e-06
1.457137955185317e-06
1.9998913103336236e-07
-2.580589466560923e-07
3.1178901735984255e-06
6.5751112288126023e-07
5.3000785555923358e-06
-1.8304028799320804e-06
-5.8734867707244121e-06
9.7851363989320816e-07
8.268189617410826e-07
2.1927726265857928e-06
-1.5952429066601326e-06
-2.1063311805846752e-07
1.3248529739939841e-07
-1.3672681689058663e-06
-3.2160160117200576e-06
1.1172510312462691e-06
7.3206371098422096e-07
1.5041159713291563e-06
3.5411227372605936e-07
3.7236222283354437e-07
4.6844587586747366e-07
-1.2580167094711214e-06
8.2356348229950527e-07
3.0151065857353387e-06
1.9119843273074366e-06
-2.0487461824814091e-06
-1.2582211184053449e-07
6.2569461078965105e-07
1.0284813924954506e-06
5.4987640396575443e-07
4.2492376906011486e-07
-5.5211069138749735e-07
6.2376602727454156e-07
-7.5470745741768042e-07
-2.3493212211178616e-06
3.8260003520917962e-07
1.184463712888828e-06
-1.2331837524470757e-06
1.9769909158640075e-06
-8.126843908939918e-08
1.6483043054904556e-06
2.3261743535840651e-06
-9.7067299975606147e-07
-1.3501992270903429e-06
-2.6602747311699204e-06
-2.7080818654212635e-06
1.0118574209627695e-06
-2.9697935133299325e-06
4.2072630890288565e-07
-5.9054223129351158e-06
-7.3800538302748464e-07
-3.0334213079186156e-06
2.4045152713370044e-06
6.9027811377964099e-07
-3.4444694847479695e-06
1.5683750689277076e-06
-4.4813552335654094e-07
-5.0621952141227666e-06
-2.9199495656939689e-06
2.0258348740753718e-06
1.4918036868039053e-06
3.8959256016823929e-06
2.773494543362176e-06
5.7262241170974448e-06
-1.0703145107981982e-06
-5.3989595016901148e-07
1.8533703496359522e-06
2.2523897769133328e-07
1.3505703009286663e-06
-1.3251747077447362e-06
-5.7645170272735413e-06
2.7110597784485435e-06
1.5151526895351708e-06
2.6884579256147845e-06
-3.6188678222970339e-06
-1.6654269074933836e-08
8.0059299989443389e-07
-1.9254812286817469e-06
-1.3316116564965341e-07
6.4609542960170074e-07
-2.8832221232732991e-07
1.8328291844227351e-06
1.4153273468764382e-06
-8.3435691067279549e-07
2.1109204340064025e-07
-4.6635941544082016e-06
-4.8061190227599582e-07
2.9042046207905514e-06
6.0693182604154572e-06
1.4720079661856289e-06
5.9113403949595522e-06
-1.9081790014752187e-06
1.685015604380169e-06
3.1396593840327114e-06
3.9842362298259104e-07
2.9413502034003614e-07
6.5608531940597459e-07
2.5996137082984205e-06
9.0146335196550353e-07
-5.0128346629207954e-06
2.7167641292180633e-07
-1.207129685099062e-06
2.597278808025294e-06
-1.2273917491256725e-06
2.1345194909372367e-06
1.7884574390336638e-06
3.7185770906944526e-07
2.1937955807516119e-06
2.9903134191044956e-07
-2.4444693735858891e-07
7.6081221322965575e-07
6.9179958472886938e-07
-1.3433540289042867e-06
-1.3830888292432064e-06
6.8045062562305247e-07
-2.6104018502337567e-07
-9.8916461865883321e-07
-2.0098779884847318e-07
5.1041126880591037e-07
4.4321652126200206e-08
9.91182105281041e-08
-1.4046413809865044e-07
2.7673540898831561e-06
1.073712724064535e-06
3.5953843280367437e-07
8.2941357959498418e-07
-1.3727581062994432e-06
-5.4873407862032764e-07
-2.4524970285710879e-06
-1.0314012115486548e-06
-1.5036622471598093e-06
-1.2423270163708366e-06
4.5136573589843465e-08
1.133106479755952e-06
-1.5868057516854606e-06
1.0463995749887545e-06
-2.2571919089386938e-07
5.7034264955291292e-07
4.0474651541444473e-07
3.7511858863581438e-07
-6.0954096170462435e-07
8.7585794972255826e-07
3.7074130432301899e-07
3.3626463391556172e-08
3.4905303891719086e-07
1.3945846148999408e-06
-1.4719725527356786e-07
3.7632335647685977e-07
1.3562874983108486e-06
-1.2290360018596402e-06
-1.4515005659632152e-06
-2.9710099624935538e-07
3.6575179365172517e-06
1.0842080655493191e-06
-1.3644066712004133e-06
-9.6910616775858216e-07
2.0610839612800191e-07
-7.8133945180525188e-07
7.0665180373907788e-07
8.7948978944041301e-07
2.7087500598099723e-07
2.7980606773780892e-06
6.0179422689543571e-07
-1.0596965012155124e-06
-3.4948499205711414e-07
2.2041839997655188e-07
4.1276365436715423e-07
-1.2523543091447209e-06
-3.9539997942483751e-08
1.8985215888278617e-07
3.4497929846111219e-08
1.1598843911997392e-06
-1.9957444692408899e-06
-1.8374828414380318e-06
2.9182785965531366e-07
1.7504348761576694e-06
-7.1441888849221868e-07
2.3297138795896899e-07
-2.4002856662264094e-06
-5.8774674016603967e-09
-3.9764415760146221e-07
-5.1312679261172889e-07
-1.6785675143182743e-06
1.1563390671653906e-06
-1.1481863566586981e-06
-3.0693186090502422e-06
-1.1109067372672143e-06
6.2261574385047425e-07
2.6084044293384068e-06
2.5535914573993068e-06
3.9669947682341444e-07
4.6368954826903064e-06
-2.4675930490047904e-06
-3.1590211619914044e-06
-1.3758262866758741e-06
-1.8949056084238691e-06
-2.5014182938321028e-06
3.9334818211500533e-06
-3.2025695873016957e-06
2.0947873053955846e-06
1.0270964594383258e-06
3.5679763641383033e-06
-1.3365229278861079e-07
-7.5461389315023553e-07
1.8365935829933733e-06
1.1556022627701168e-06
2.2234937659959542e-06
-1.1348909083608305e-06
1.4566983281838475e-06
-4.1557910890333005e-08
2.9712709874729626e-06
-1.8788549596138182e-06
1.2036471730425546e-07
-2.366494300076738e-06
-3.2423527045466471e-06
-5.7319002735312097e-06
5.045900252298452e-06
3.6272872421250213e-06
2.5602776076993905e-06
-9.3959653213460115e-07
8.2607635931708501e-07
5.7286962373837014e-07
2.3930265342642087e-06
1.6623944247839972e-06
1.3372368812269997e-06
3.8829566619824618e-06
2.3949062324390979e-06
-3.3511994388391031e-06
-8.1684106589818839e-07
-2.6311079182050889e-06
1.2062707810400752e-06
-1.7482107068644837e-06
1.4107824881648412e-06
1.3515200407709926e-06
-2.0357367702672491e-07
5.5078298828448169e-06
2.0242373466317076e-06
-3.8964344639680348e-08
3.6946551063010702e-06
-1.7281042801187141e-06
1.2192331269034185e-06
-4.4358976083458401e-06
3.7707977753598243e-06
6.6243308083357988e-07
3.6257652027416043e-06
-1.7242240346604376e-06
-1.3418351727523259e-06
-1.1591178008529823e-06
-1.8869934592657955e-06
-2.9731731956417207e-06
2.6566981432551984e-06
2.202772975579137e-06
-3.2597574772808002e-06
1.7765212305675959e-06
-3.6800165617023595e-06
-3.7585516565741273e-06
-4.4900853026774712e-06
-1.186158101518231e-06
4.2380293052701745e-06
1.401256668032147e-06
3.2545931389904581e-06
-7.0230057644948829e-06
-2.5777803784876596e-06
-3.9605558299626864e-07
-1.7250445125682745e-06
-1.7859565559774637e-06
-5.3168660087976605e-06
1.7925507336258306e-06
-2.0221300474076997e-06
-1.9290109776193276e-06
-1.8202525779997814e-06
1.3691533240489662e-06
-5.8301861827203538e-07
1.5118060900931596e-06
-5.5104737839428708e-07
3.7616365489157033e-07
1.0820233455888228e-06
-1.7907429992192192e-06
5.3036592362332158e-06
8.277859706140589e-06
9.4721963250776753e-07
4.5890061528552906e-07
-1.4694908259116346e-06
-2.0079937712580431e-07
1.6523611066077137e-06
1.5063574210216757e-06
-1.0523583569010952e-06
6.8282395204732893e-07
-8.3121568650312838e-07
2.7945889087277465e-06
-4.5869401219533756e-06
-9.2331555379132624e-07
3.467145916147274e-06
4.8004303607740439e-06
3.7479535421880428e-06
3.2102195746119833e-06
3.211956936866045e-06
1.48067420013831e-06
-2.7328578653396107e-06
-9.5496216090396047e-07
-5.5004102250677533e-06
2.8413510335667524e-06
3.3422729757148772e-06
-4.0100248952512629e-06
2.2778914399168571e-07
-3.473532160569448e-06
2.1899991224927362e-06
-3.9719918731861981e-07
1.8992620880453615e-06
2.0197551293676952e-06
-2.3471537247132801e-07
-1.951403191924328e-06
1.1158614370287978e-06
1.0391713658464141e-06
-2.1616397134494036e-06
2.2411873032979202e-06
-3.0840542422083672e-06
-2.4514374672435224e-06
9.0853455958495033e-07
-4.1905432226485573e-06
2.2546043965121498e-06
4.038995029986836e-06
4.7619892029615585e-06
2.830368202921818e-06
5.8855880524788518e-06
-4.0499189708498307e-06
2.7336095627106261e-06
-3.2341094993171282e-06
-1.0747891110440833e-06
-2.8245983685337706e-06
-1.3097868531986023e-06
-6.9080829234735575e-07
-1.6689548374415608e-06
-1.8147533182855113e-06
-3.5731676462091855e-07
2.5281588023062795e-06
-2.7897106065211119e-06
4.6647954832224059e-07
-1.3098524505039677e-06
9.8691452876664698e-07
-5.3081924988873652e-07
-1.2454853504095809e-07
6.2370500018005259e-06
6.1816854213248007e-06
-3.0078035706537776e-06
-4.274800176062854e-06
7.1546827484780806e-07
1.285306552745169e-06
7.4724664500536164e-07
-2.1623936845571734e-06
-9.9294732081034454e-07
8.6954435118968831e-07
-2.5075098619709024e-06
-3.2023488074628403e-06
-4.3978488974971697e-06
2.7944479370489717e-06
2.3003442493063631e-06
2.0419404336280422e-06
-1.5151240404520649e-06
2.3577940737595782e-06
-1.4720178569405107e-06
5.548026820179075e-07
3.9687688513367902e-07
-6.2091394283925183e-06
-7.1907015808392316e-07
3.2338521123165265e-06
7.2205068590847077e-07
-2.7800160751212388e-06
3.7112604331923649e-06
2.5787001050048275e-06
2.8997133085795213e-06
1.6465417047584197e-06
1.0920825843641069e-06
-5.3904068408883177e-07
1.0137537174159661e-06
-3.8760271081628161e-07
2.1208438738540281e-06
-4.7284012794079899e-07
-1.4154688869894017e-06
-1.6520822327947826e-06
-3.7791469367220998e-06
-1.0187120551563567e-06
8.1577104538155254e-07
-1.1612657999648945e-06
3.891254891641438e-06
7.9775509220780805e-06
-1.359531097477884e-06
8.2239794210181572e-06
1.0296221262251493e-06
-1.8764858396025375e-06
7.0992846303852275e-06
-1.7955546809389489e-06
9.2823506747663487e-07
-3.5249811389803654e-06
1.7202893332068925e-06
-4.7179555622278713e-06
-2.2176209313329309e-07
-3.1077431685844203e-06
3.8865587157488335e-06
-1.1153705372635159e-06
-9.7788711173052434e-07
-3.12227598442405e-06
-1.2891773621959146e-06
6.4354202322647325e-07
-2.5304507289547473e-07
5.806802619190421e-06
4.6653585741296411e-06
2.0533207134576514e-07
-1.2039819011988584e-05
-1.6726396552257938e-06
3.1750164453114849e-06
9.025347935676109e-07
-1.2492870382629917e-06
-2.2661972707282985e-06
2.2975882529863156e-07
4.5757371935906122e-07
-5.859379257344699e-07
-6.5302756411256269e-06
1.0208873391093221e-07
5.2113664423814043e-06
4.0136046663974412e-07
1.7996303540712688e-06
-1.9020469608221902e-06
1.3685037174582249e-06
-1.4322683909995249e-06
1.261943452846026e-06
-1.4603099316445878e-06
-7.2966449806699529e-06
7.2135894697566982e-06
8.5091062373976456e-07
1.7158151877083583e-06
-4.2133519855269697e-06
1.8200446447735885e-06
-3.3846220048872055e-07
2.8740948891936569e-06
-2.1206185465416638e-06
1.0276659168084734e-06
-1.7540053249831544e-06
1.1282509149168618e-08
-2.8338595257082488e-06
1.5208743775474431e-07
1.6524295460840221e-06
3.4958299011123017e-07
7.443592835443269e-07
-2.7451505957287736e-06
-1.7738591395755066e-07
-1.7642765897107893e-06
-4.0810973587213084e-06
-1.0913846608673339e-06
3.4136617159674643e-06
3.6987430576118641e-06
3.9347837628156412e-06
4.3627660488709807e-06
-6.4606742853356991e-06
1.0472592748556053e-06
-1.035799414239591e-06
-5.3080339057487436e-07
-2.8593865408765851e-07
-2.0462402972043492e-06
-2.0157807512077852e-07
-1.9903632164641749e-06
-1.508667082816828e-06
-1.0369551546318689e-06
2.6943052944261581e-06
-5.8971448879674426e-07
-2.1180322562486253e-07
-1.9479580259940121e-06
1.9661517853819532e-06
-2.5523382873871014e-07
-7.6186813657841412e-07
4.477497441257583e-06
6.8788467615377158e-06
-3.2650077628204599e-06
-9.5358416274393676e-07
4.5523898961619125e-07
2.2909489416633733e-06
8.3504642134357709e-07
-9.7802740128827281e-07
-2.7507564936968265e-07
-3.6598422070710512e-07
-1.6084868548205122e-06
-1.903523752844194e-06
-5.6700855566305108e-06
2.009908712352626e-06
1.7184413536597276e-06
2.6535610686551081e-06
2.2886092665430624e-07
5.172996679903008e-07
-1.5811139064680901e-06
-6.9851921580266207e-07
3.710840985604591e-07
-5.6184971981565468e-06
-2.1833179744135123e-06
-9.2731136192014674e-07
-2.4619507712486666e-06
1.5764373983984115e-06
3.5190639664506307e-06
1.7546633443998871e-06
-1.1330218967486871e-06
1.4397170389202074e-07
2.8990436931053409e-06
-1.8274000979090488e-07
-1.7675508843240095e-06
2.3587774649058701e-06
1.9030179601031705e-06
-1.4957670373405563e-06
-3.0642872843600344e-06
-1.5877385521889664e-06
-5.972568715151283e-07
-1.275432737202209e-07
1.1422782790759811e-06
1.3641557643495617e-06
1.2029084928144584e-06
1.611275365576148e-06
-1.8845016711566132e-06
2.6451480152900331e-06
-1.7230955791092128e-06
-2.5056738195416983e-07
-2.3467737264581956e-07
2.4583653157606022e-07
2.5933346137207991e-07
1.1362142231519101e-06
-1.6615797449048841e-07
-5.4625888878945261e-07
4.2084855067514582e-07
-9.8361715572536923e-07
1.0910614491876913e-06
-2.09009112950298e-06
-1.8107111827703193e-06
-1.6153244359884411e-06
7.0795425699543557e-07
-6.8342632175699691e-07
-1.3723647498409264e-06
3.3293993055849569e-06
6.0427123571571428e-07
-2.6181642169831321e-06
-4.0171116779674776e-06
1.5453724699909799e-06
3.5826515158987604e-06
-2.4402658027611324e-07
-3.8817313452454982e-07
8.7459574160675402e-07
9.9499970929173287e-07
-1.2046191386616556e-06
2.371238451814861e-06
-3.6581554923031945e-06
1.8739772258413723e-06
-2.4402334020123817e-07
-3.2910617164816358e-07
-7.8542973369621905e-07
8.2523968103487277e-08
-7.7365984907373786e-07
6.5755619971241686e-07
5.1820046564898803e-07
9.7744498361862497e-07
-1.7483648662164342e-07
3.6244794046069728e-06
-1.8130413081962615e-07
2.6518839604250388e-06
-1.7796218116927776e-06
5.4109477787278593e-08
-3.4156182664446533e-06
5.3242306421452668e-06
-1.8175783225160558e-06
1.5775819974805927e-06
-4.8149358917726204e-06
-1.846541067607177e-06
-6.3224860014088335e-08
-1.1391090311008156e-06
-3.6083865779801272e-06
4.961215836374322e-06
2.514582774892915e-06
-3.034497240150813e-06
5.4394690778281074e-06
-3.8842727008159272e-06
-1.7559352727403166e-07
-5.9478770708665252e-06
-9.2580080490733963e-07
4.0903723856899887e-06
1.2119228358642431e-06
4.2500423660385422e-06
-6.8957433541072533e-06
-3.4893655538326129e-06
1.0658246765160584e-06
-2.4917778773669852e-06
1.5076557247084565e-06
-4.9760069487092551e-06
1.0572246083029313e-06
1.7825743725552456e-07
-8.8382728336000582e-07
8.6058207671158016e-08
1.2747889286401914e-06
1.0921833109023282e-06
1.1956039998040069e-06
-2.7338162453816039e-06
6.5058600284828572e-07
1.5335103853431065e-06
-6.2672197600477375e-06
1.5977576595105347e-06
7.6888381954631768e-06
1.2748496374115348e-06
2.8591898626473267e-06
5.0361325065750862e-07
1.6143741277119261e-06
4.4930120566277765e-06
9.7433587598061422e-07
-8.647721756460669e-07
-6.9033876570756547e-07
-1.4461323871728382e-07
4.3496629587025382e-06
-4.6556133384001441e-06
-2.2348997390508885e-06
3.7342251744121313e-06
2.5271351660194341e-06
4.5416891225613654e-06
1.14834892883664e-06
2.4238479454652406e-06
4.4400275100997533e-07
-2.1199159618845442e-06
6.0506613408506382e-07
-4.6027780626900494e-06
