54489.784850946991
-31271.641237778982
-9106.3750451853703
34811.642356968339
-55895.025744215251
42280.827065780817
46569.038569081487
44926.393838689139
-15444.235376876983
-29872.112230810657
17711.080011363185
-23069.443952107453
-41526.836116637714
59235.310685885881
-8971.8378867735591
-25882.53415417159
-63746.394665721848
63037.447896999947
-20066.055942196865
-40796.462480629867
39425.898940184939
-10264.602359961442
54371.720955066034
-50212.546361289118
48966.865162860122
45076.145946329998
-63834.515713356013
-5805.9599819132127
-60633.852097174895
14768.375284325564
-48926.038776728194
14484.841717938834
-35092.456258412683
37187.398638983097
-9051.2735176064161
800.08831195137464
58315.20192167809
-28366.869013232135
-39478.583985034551
8335.6431490313698
3287.1377732932451
-53662.417161619829
7755.9625949291803
6148.4495570384024
-55546.873008387658
9342.786459970288
31739.80475290076
350.73483077983838
45367.697040355866
3541.4435530368064
61984.183824386462
-19562.490941139127
34676.215460945066
3449.1355334963155
-39987.387366241775
-26.927367283613421
58093.467503199223
-15387.414158680156
-50417.242137331457
-30837.809579098466
16580.693834491583
3313.7957188247092
39369.09691387006
-38151.380592675501
25378.071378708264
-2885.7273126021464
52170.625474670334
-64514.938057209467
37300.079167645759
-20107.775637958999
22118.481674568131
-4648.468986386375
-18301.520343230412
-36036.856286859649
-14348.118002283591
12658.152753825503
24160.565385749462
61869.036337206242
55376.602609826557
-47078.338841965713
-792.18543635218521
-48776.453055874226
-6452.2957138143101
-56420.045788500662
-31423.29568175289
-13438.403911325062
-57114.82237895226
39189.644664465799
64723.04805412823
31238.000258526765
44364.075833934199
51710.137851773106
-54639.591089882146
53305.255940529983
54578.876004587437
-28385.814219295629
19142.6441300773
35780.797257795566
29393.707818576077
-38258.383474349554
39947.566829241405
24110.483868798125
18644.23353473196
-43042.699360898783
28057.308627928636
-48599.509219025189
53784.057236589608
-19521.522632251421
49229.500293760371
-51482.685864622734
3878.3933266424719
-14588.735185813013
-3037.438831595151
57358.303165400241
20546.502156267758
-29669.768389037214
-10872.09408247158
-38659.064606247892
20779.608749840059
31454.088845266204
-43484.253836600517
11378.634519224332
-47376.074085383822
-57652.724924554568
31301.225451111124
18623.51532955638
60809.31830962011
57181.766195716176
17282.858792582629
-35744.983294710881
3792.087100470686
41180.681953802734
22037.75022046997
-53939.917384584725
-26064.939385006684
-2695.2293989700556
26195.677762098931
-28946.973167184988
32790.112497171227
-54114.677422431676
-32956.154329626414
-55885.77819363492
9734.196390017838
16334.867485500785
-30597.177766920038
-13661.777372140772
4570.1615616555791
-13426.148890803481
52318.373649656191
26340.91437467192
-10043.883545617733
15680.202522730076
6369.2075735329126
28444.442734451644
-22875.611884814673
4549.554849620632
28042.641938143075
27504.759191546327
-29856.236768626768
-43129.973613681534
-49602.563132218696
56424.017936779404
61136.811394286109
15470.673792419693
-32106.050755039192
12304.717869250293
-25158.334070178258
2896.5069950323232
-49184.692925280688
37222.615979412454
33924.657133566361
-41732.547541517823
-42766.451148278764
-56964.831250556716
-39243.329183468391
-48610.298841927361
-39576.353553559864
2879.1964657686331
53094.846103801057
-62273.853409402873
-17429.826164614671
41244.902004376781
-50377.052294409776
-13964.294035748477
26942.485718306925
5565.9405220921471
31626.226003955526
39901.45694309492
-7700.1847128225927
25586.370953515536
-43273.745929542507
23874.522750271048
-31507.237697823468
-13792.49918777078
41421.508320687324
4541.5361493855889
-46033.952617800693
16914.477612339106
-25354.561553024439
-57496.024783747052
56425.753845770523
-54060.574465045807
-57260.272149540586
-61187.258617156331
-6916.6353407894057
-9848.345097948084
-4221.1727972682856
9360.0187153422739
22912.974973221339
64814.654584699689
-30464.617148258345
62226.103295367546
25930.614901863824
-12679.959093129131
37861.565446394772
48251.209555064197
45736.543815713783
-57303.938358954401
52503.683844918953
24840.488173121223
41834.979459898663
-43418.56244434751
-44400.161043776083
61161.781025647681
21220.676620922604
-47154.881767491475
-32946.238555592106
-53099.212345431486
-52862.36100218007
40746.121980589436
-2068.4766516886157
-1935.3661194666201
9328.8909360564139
30201.878470687472
35543.082949801537
46537.920485674957
16103.719605084654
26360.705090742209
-64940.769410770401
-46887.70943070286
27832.549126948041
-46878.659870917691
48297.872108567099
47291.308455382634
-1527.7403177315864
27050.739436009753
-30625.93828831584
-48460.930514945561
24072.154915346924
-4936.8105912306928
57232.966519255875
39781.693239828965
-48099.419067252093
-45044.697443076497
-20816.874663863069
23380.103169381488
46473.369199977256
-50473.370637928136
-19615.335426075108
-5602.5696946938115
40139.746738486952
3569.9414435398066
-52456.221522592925
54505.748013133954
-62951.1602397018
51805.324844285904
-5183.591843213464
-44920.444845467573
31158.557133295428
-50733.035058489811
6557.3247028088081
1807.9432263970521
64891.805175535061
2067.8962010017276
14973.420136132379
58030.921335022067
-6878.260074336009
57565.704156285035
-51337.463499009202
40231.48391651611
31262.797534028578
18854.316376735922
-28723.791782803426
-56850.207768117383
58614.454950383093
-10258.504773707595
-35938.938932532867
58232.002214314329
-29727.66791938059
32386.573196555895
14215.148633368735
-33751.986390788166
-9584.6110566076532
33313.294445420092
15770.776750397796
-63782.8020573143
17244.51000422638
19039.845373314194
-29717.467864946375
-54886.14078940748
-46537.359371376268
-60272.96653143219
-21510.94413333491
-59204.675801396123
-19025.099323520335
-13597.033964797229
-11240.444702621928
33712.385568521102
22662.620734248369
41432.943811671881
34948.365269879636
44665.330768623462
-10543.749175050762
-32168.020755682359
-35387.570211050974
11659.926429878746
38317.650082807304
36298.025602508889
-32020.059612552388
-25242.90242818417
3970.9176363470469
6734.6683079212962
-63618.537551851405
-18898.307572985112
15168.272768772687
-41604.019782544681
-63559.205476828065
-51988.64788086206
-2465.9096127633093
-50611.725032644579
-28957.232217412238
23061.942011574924
31619.857724848189
38939.054013356043
-60864.261733655265
58423.754681914012
-56023.885730829934
-46580.586482713974
44456.114126130109
-42105.220821801253
55840.9693282277
50699.032902019972
38790.000667535205
-60801.685907739215
-5643.041686075594
-39581.062424636635
4093.0537900843483
55194.406761589591
28250.767849395663
-26441.229247101524
-53355.238826678367
-39337.340755664714
20254.447949083289
24500.059325293507
-5308.2767637858778
-16517.622858121875
55784.6176818526
50293.902563483629
7377.0777266879595
54735.833972141249
-25034.430077154
38030.718854417777
56904.615012970069
45368.737482547862
-9100.7886392358487
-49596.12107976446
6535.5025300984562
13826.266065507632
63204.773262132905
-23776.280360663499
-35003.733979635683
-20394.5206744311
-7164.1344881435798
28769.725474643972
63050.733240193484
-42949.984223568885
20836.363949782826
-49016.288967676737
-15407.423243818455
27647.521782344906
46663.297922195023
12792.407185288583
63656.388568499169
-41111.663317884086
-10581.431997216743
58990.835400324533
-15823.399522876934
52871.567746620713
-13065.761273473676
24159.394744726262
21566.261359829165
-52866.095766369574
-41362.444438770312
-9972.7994862484338
14285.34006984916
43155.667533515079
-49983.22273964838
55014.421251870503
64986.045529158378
-6146.0306753775367
-41630.951138907607
-43712.219729898032
20242.51884018202
46860.283896959023
25254.353144155873
-52809.672749888254
26806.353888396465
14198.732916287147
32885.928926413399
51086.110193187327
-42270.003545430227
25808.005095297034
32577.224902241636
-56383.315069877906
12492.666624901423
52270.908489333669
-20078.903353400136
-31902.383829728395
-52562.702294686082
9586.1657639544574
-62865.419728270208
27502.359433237754
-5265.6779272066487
30312.059952025287
60220.621673207235
-64450.837702979406
-55611.958963536017
24259.34967105971
23394.034766224955
32524.894324400273
58982.566334526055
7234.8364670165756
34054.315631082238
-51120.123952558512
55909.795056960007
55466.997695486891
-13459.705157653108
24160.197132179936
1457.8734595741116
-54949.536825144649
-50347.392385481784
29280.453002846596
38102.637453918534
-16220.020379173424
-22823.022856682714
1078.486437313084
-60446.539724942704
-842.52798350593366
-44968.194430864736
22375.464858113279
-12215.08629936997
63508.680797777313
-13194.769852368758
-15226.237207311133
1010.4240571207047
-63309.379293206177
-21859.309158942749
-13473.494979106268
15104.610245735821
-1461.1835766712029
31850.917471488516
791.10649367177393
-2189.5419211335247
38015.589982197169
2638.7877774862427
-18159.469666456993
-60773.897851865462
-31158.642902257066
54110.282392410139
32567.62317754094
38647.030830167801
-20283.185547000146
41116.024775802071
-12481.575864227852
-42725.580155513759
-5118.3902494108042
25598.504530707272
54179.518166518334
-7448.8855942600203
-64097.631500363612
-51185.677527880689
55289.761029458314
-49397.733562519919
53930.248078763485
11664.547803261696
63501.872334061292
56938.839556928026
-59539.255024014768
-45527.396450487926
-6304.5644223630079
34594.283115429134
-13887.212820198925
58119.571125962306
63863.819648908
-44694.073115843479
-6439.5874501913058
52874.39324217182
-769.88429321834701
41535.709687304523
-39723.288743495781
57144.607375511376
-1196.9372037601715
-8227.0121358321921
-33803.984434274214
-49449.268678276494
-62780.658467010231
25532.636088176616
-54175.376143507936
-19962.375290072407
22946.256056516751
36242.750542486843
-6488.9920935456903
60943.801943537605
-45980.687977468799
-18919.850675171401
-29328.069550492175
-5172.864252438012
-30538.506910190816
-65022.357024047989
-57856.149540995568
10586.097299397603
-22706.87021574704
-59112.358815010419
1523.3059530734754
-64575.399969755978
20558.389491693932
39433.210615561751
-48278.335881461244
-48530.076391894036
20715.861185663962
-25974.413699647077
19591.292621656699
35974.461684241585
36192.887061985908
-13118.558097780842
56637.941327139619
63015.979176682988
-57344.426399326709
-27950.906265006604
26199.406059764791
-3070.9034198043955
-55294.242515715872
-30301.43448217884
36498.675177589103
-4121.3785996820225
6409.8839071704715
-48000.177459784245
35403.14093660978
25344.274529066242
3174.310202403416
64797.889665573573
29962.941697019458
40798.018378714405
19169.972579783032
-53890.022233327094
17871.20063577719
-51810.430968840752
-20587.644154300433
-44607.760329163444
28881.565345640382
31741.56793707372
57674.305052274125
38181.473876404809
17172.300194401789
19899.521595037426
31130.705914136037
8991.9811692657822
10410.956234441473
-12778.732563166821
39326.08911079714
16072.705542703538
-36939.571667074488
-60983.994430089937
48090.280014120595
22975.256642339373
20682.653174667896
-10217.741510763037
24390.253575577619
45873.152375083926
-49662.880318087889
-18169.422345258063
-6345.8064400545409
-14525.190901642971
58107.565269669489
20976.196880155825
-40990.175046778604
62147.651365323807
-20840.742877217344
-30265.213370587662
50176.231887605943
17549.193475734573
28908.44888604866
8787.4483774444961
-4025.4078060571774
49339.04232303398
-30444.481383091566
-54430.967779879677
-42776.03371471641
23321.114276514636
35465.996897182718
63151.777372788769
-55389.052030697858
-55772.272610254848
17373.079716793378
-19733.91850634884
60548.726174974479
8719.0740785752132
-19515.447821479771
-32378.499192987467
-41654.005992268649
57467.775320730318
10347.508447201209
37115.591750295076
-39976.831485458344
-33423.107209967042
38421.62048137821
35737.716588143099
24749.777229403902
-45725.02548192456
-48838.143904879427
42067.586770719892
-11368.633840898343
27450.576446946812
-33004.795427032819
-64520.420962025033
-33424.407733515211
13100.215887523547
61862.891863888741
-57520.860736562783
-18644.538077758509
-64004.369390566935
-25282.270250229223
27513.46510127213
35103.744657332485
-52499.851499734636
27462.66232580936
-43669.851671834505
38586.651202371402
-21718.86015757444
-44978.774521102634
-20378.258151858958
53044.52109602651
33319.211762936422
40539.69498239558
50904.659729132793
-34482.217456066763
-59402.644857548599
37374.11548915859
-39183.91119140583
59393.758814554545
31571.119006827954
42123.860371473464
-79.291566323954612
8238.8918005613086
58687.433932851825
-26419.693858459868
11295.175111919627
8302.3626620454888
29118.598554422919
21926.139285083365
29692.179301721364
1840.0799313409952
-55601.975613955205
64096.647592796508
31353.616653796664
58476.692352442886
-32818.076636402082
18704.841902337779
-17017.953973034935
-35254.057588164505
21557.703641234591
-14987.420656916423
41748.336651209276
-11000.685286455933
9230.8058271071786
-26813.887428432412
-62340.380158328058
-1334.6227760588372
-22806.922620644968
-10000.690895812499
-31835.754487151207
-61032.62803255301
46379.006652925469
46211.386155815853
17539.03119204352
-36099.928809114121
63461.61719186118
-24850.819651630445
33576.018615872177
50037.207697894759
-45496.859649236838
-33957.247428917486
-52935.700884728925
21822.486760131054
22472.290445674924
-23162.192962852801
53893.475292762523
13406.966241874208
-14537.694249249791
48035.570379768018
37750.265852388387
-15289.109117136075
4849.147432728234
-38864.588056657332
-40799.818666105901
-11615.285201903811
62473.927238121963
-8487.464626641522
-64255.298186307162
41828.573872923924
9270.4057632518816
-1511.1108540307469
5130.4745546369813
-60915.58306129642
-21828.062410577317
-6197.5970672405238
24700.759798531653
-7124.929903666256
13489.916205224145
40132.447306100745
-38266.591189930798
30206.617321281257
-26589.807141352605
-56296.803544451599
-32262.32078051765
52034.924148586899
-9728.7095669345872
41471.08426793477
-15843.165073766009
33675.495970907665
39380.958210203462
-32067.635201276134
-52460.753656750909
33564.087209088044
52692.790913998644
11605.932898306331
26818.348139957219
30838.586245806393
-52164.404187102031
3900.5145184905559
-36353.495032185558
15169.826895754726
42495.005012676032
38169.621341276739
-55624.909088774948
55392.671570046776
-44751.80642931108
-57785.171466682601
40210.821513208663
-2894.0570242177928
4611.4612787716032
28803.77602557707
27147.415569405523
10889.515798980501
-23661.519278787338
30856.387423191467
35027.5434517596
-3227.7602366428182
-23924.577885954161
12346.84558210017
-29874.935774162019
-7025.0123590180156
53522.021267941585
30053.029355725521
-9780.9865415610111
-38314.243255627676
36433.896968898931
61356.01644291071
53925.300253886628
-23674.94160855563
40462.847941233704
-48835.71843025861
-64908.619625442516
-64459.719774299054
65096.114105806992
-38897.202686705336
24023.923711354713
-19749.22128280114
-26201.707688672715
-4600.5318366299471
32072.818655606519
27866.201839262532
24447.436390781571
52635.510676230275
27001.3469995575
-11781.809418352379
-10171.772884918217
-54305.304575526214
9682.329087820297
16880.396277360429
-3764.7716258483706
28292.030868290094
-54982.279234631918
36341.785576826049
60556.187622401907
58571.464887730544
9334.6026421463321
-52197.24532192864
51041.140613618685
39398.460320560218
35842.845929791685
-28084.725187176882
43960.930135682196
-30324.210965611594
4885.7974207124935
35530.053388578715
20188.126805654145
-24689.903874466952
-34794.478849866806
-34351.503513546806
-39143.395096999622
19653.681158186067
-17866.436791308995
33347.530966824677
32039.270807460809
36280.693053091411
65335.123420857592
33186.082152478557
-45810.471973234322
-30259.76608856635
-22908.333431403371
-39893.715112993596
62845.262171719747
-36283.731220042624
21671.718106955625
44248.879745736471
-34854.665645376532
20031.244376938543
-2095.2938236218906
61512.070376102609
62988.505087457102
60950.701060728577
23597.183278385986
2621.4277381250431
5417.2900147382024
62383.007349443782
-7147.9188188697299
-49394.991844931268
-1051.150308974029
-23378.198025315374
-21920.29287803809
-41852.261124343218
-8077.4151744075352
39855.889457947909
-27903.042328223557
5634.6048298720561
-61702.588784353502
6688.5878284494684
-54529.774796205282
35537.403200531175
15286.98262804572
51005.786494229105
27545.203993020317
-11080.449768742983
29435.390393729831
-10328.323350322695
-36521.297853087643
-31834.724644196307
14700.607957037646
-35748.754631790085
-46136.14197189681
-3618.6227807298565
-46107.025118032616
18603.054120776244
34963.89015911553
20991.956936398215
27583.845342456581
-52670.96776949476
45184.468499141003
-22815.921047091368
-63262.849146284483
22839.095799587842
-43429.957796059316
-47109.316854593635
-13098.333335531323
-26675.024654346053
11630.224126949397
-54976.269293575111
42776.458518679545
-14131.830474474511
56015.045025902902
23927.081829080824
-61440.708020891398
-1119.4961256809474
28115.930753215493
-47534.624459761966
-42505.30211682283
64511.409014009303
-47243.561876063322
-11455.994439301561
-4390.5863196005375
-45716.921290722603
-20016.437749465011
45779.584710903582
-60555.957388716808
21569.715442303903
18559.198521054073
38283.472007593737
-41318.355005512887
-833.97275146738684
-23396.987770678286
-40364.911037382844
33841.024045586455
62559.058411782593
64211.036914136901
-60956.211897007408
50195.902608058706
20114.839282963731
-3740.5535834800394
-11391.521652709678
7098.7437658911804
27010.981447895087
34589.594303418111
48772.009368699029
-37722.926532136669
65310.242921534998
-7303.6730442048865
41725.668573386094
-64396.661193543056
30030.48902287583
1635.2564717943897
49301.195355946518
14031.326385953536
-31220.476488923945
-38631.13263203892
-40517.616018116547
-63058.972573609339
-4447.2919686015957
28144.108982729347
-52571.079207422605
6846.4595952858363
53309.714977483396
-49873.06855540906
53330.597371048105
-38741.092978452871
-12792.664586734507
64468.747168816655
-36093.094817682097
60650.469567225038
-46602.775064970891
-5855.1408508432942
-42323.184012622281
-3435.6675751370058
26915.011513245074
34952.250170912623
-24337.568839763262
16410.130561367827
49109.786688423614
-21082.530363451297
-19965.415093749718
49222.029366421382
29776.348219419204
1224.0482967390999
-59861.799879274695
53933.052910797545
11103.174889955495
65025.735503454227
-10838.407395809874
36603.819413267571
-26420.078284256539
-18565.507028267035
27825.654133401054
-9095.4013408616011
47948.267674441799
-7940.8366428058216
-47405.387947899784
61393.035169509822
25242.721715395295
-16526.412200442966
-44621.094207353628
-18901.51669229148
-5597.4899494885176
-5968.1450051234133
44642.839532107319
-45361.976127683927
13644.562984224583
-39156.710065501233
56099.913754016976
-49410.625915844386
46944.069742757449
-27687.844233297714
-16385.342474878518
43597.161789195277
59116.040998224955
-54123.830410522452
51806.62734129111
-35390.640522351794
39085.517519789762
21625.964388320353
-7249.2622956922132
-51264.388252848395
-6341.9387470353395
-44843.568163511954
11294.322044908011
39125.601312467566
15366.618861497758
-34909.384711852428
25612.842847168009
-4851.1240402717667
-61682.340288038555
14565.878655931621
-43605.018641707735
51344.873406979023
-34960.722189597174
41257.529010864237
42813.319039891619
59399.833277999889
63325.040670342511
5752.0567630600999
42800.746785423122
-57044.641407961346
8205.5803995374299
-4197.0524634291069
48185.132360436372
62096.640581706815
-38719.964575186634
-16497.102969623273
-29475.977884992026
-19960.21918444676
53904.605714145728
-12620.695434088033
56024.281617284883
-880.14451152717811
62902.100612508817
56613.445946702079
4993.9425745039043
46599.28892198707
49025.658801802681
-49558.620680955617
-32798.418982294563
687.97154641576344
-18906.686004035684
-13531.446927821147
-40520.187449809702
-674.49736050980573
639.71682991644775
23037.63244220776
-63194.376982224654
-18435.641043626747
14061.972550984254
61107.659036965706
154.25346360089316
57631.165573573162
17050.950744033194
-51699.689594249721
32243.631353341319
14831.783870398736
24869.041026781502
48278.115150153753
-40369.903195481558
-38460.151060996403
22879.988098621034
-40569.616893452578
1092.8697223042691
34191.279059528955
-61111.470010453064
3372.1521331700205
64536.792634412734
48826.34134916219
31832.62060441506
63906.789673263469
-53227.536921290332
11939.559798793911
8804.3605457987142
37638.027555862442
-3796.4311225499259
-37655.548545009908
34029.469531739
64463.194362115799
-4645.5914621530101
-45337.746221884561
9079.6482369758451
-42138.912566731189
-21634.143476296798
-26776.001958976674
-18727.966700799676
-34750.888236520477
-9231.488596968702
-34982.760528059516
-27583.965382722585
-42025.387686015645
42520.74321818196
-13630.688629922035
59196.499788759422
54598.79430187089
-64675.184188825951
-1767.1008067723014
-48823.766965844159
-4000.7337693615409
-32732.151972269596
-5335.5920396512374
-41394.749599188101
16319.778166972377
-44963.44362515684
-38490.780332021037
-50516.671285317076
20015.418017806223
-24172.800480479767
-2207.2034846434399
12574.633903482507
25229.700019273747
-60367.703741290868
-65420.496711809625
-38939.745781185993
-5866.3938685676549
-23723.961906876415
-432.03428481360606
-55951.66568014209
56672.817928416844
9407.1949528298283
8256.5491687831964
865.19853339827387
42854.647137837717
6253.7270436400431
59687.431243262632
64066.889865824705
41105.678772601459
-57930.857180187639
13618.719190385746
-37055.923192710747
45171.569658815963
-60496.186266294069
-22614.354467426703
-2215.3226446947228
41863.631942887412
-46767.159031553063
-48633.100983825003
-18783.729210665901
-35114.05473731822
44638.610928286609
4243.6636218483327
-8317.4704965053679
10429.078652678567
-58394.345009822384
-54147.815418959464
-63603.641860025557
25702.768211912786
11997.338284871905
3953.2515488393983
-58976.851442044164
-45082.051364008308
-12606.065811714361
41651.292333334219
20586.35257748478
15827.879845992094
-62015.367542857319
56531.816317280143
6303.6340921893716
-48948.528048819659
27912.396657556048
53176.25240004115
13972.970097062789
-2757.9081226403505
-63390.861726097937
-2880.9591648782807
49595.637377847044
-4911.3486184760986
13422.628861857462
116.43017126707127
-28621.227548217605
-6834.4509649537213
-28785.545781312117
40273.267967013904
-23962.494955009286
11506.604003248023
-2370.4731563419336
38447.908231687776
55313.604221226036
42012.288038662286
-9399.5464298275037
-21639.036666701824
15678.732983585025
-13657.914085528784
-37791.88053464418
61025.745889566548
-30773.984939553731
-63400.923951483317
59892.69204980605
33724.918189564007
-9442.9387563762866
30851.260746200714
23072.283904747863
-37806.884349148939
10661.355671123441
60814.426399628122
40366.192724762674
54011.761629053319
39281.421927199437
-37935.806940344191
2288.5378628386097
57300.179963074595
34158.09918620986
30419.207781579506
43235.853342937655
30910.86976957423
-56851.01414187561
38635.752816702879
-23719.423437975725
23080.517519410088
-33880.780234329621
62439.027346518225
3146.013450265571
37613.285336285669
-58158.971276110082
-61022.129254363288
-22679.420478943066
50604.368025102391
3105.4684503806493
34182.362061263455
42183.993519668948
36346.636261997613
-21912.946061208102
-19902.201684372092
10828.248222913375
-58025.047111355554
48453.434185629667
-49593.034080334124
-23942.298654606959
49044.044232413376
-7884.814801570712
56431.114675310819
-51988.177135855309
60297.306223200547
31032.790507472047
19503.456363094287
-10700.297827459828
-32657.279199278477
-9574.6733002236142
-59645.430677740602
56751.501174874385
12871.645553625465
-23073.698544277868
-26267.391826068691
64564.467604141275
-1886.0791815007542
-10057.208885427943
-1340.5977278963401
-34436.40224235045
53351.389419153347
19448.081145753647
-13339.40095105303
-42782.513374774644
64141.314056544201
-39695.558858812175
-51693.236626883518
51812.66327884981
58151.429373850886
57139.066322683022
40895.127168198276
38352.831757478343
34691.266666405281
31035.354819481741
57071.16076197174
1526.0100445506687
45473.487185375314
-35078.72831340463
15260.343315769293
-64202.918150087877
41906.903826728827
19284.552555185102
60746.854751418869
15459.951365268673
43868.866493053807
-61760.079369315354
55173.986675526568
4770.7485145571263
-41696.321630325256
388.63612433106755
41670.794317772772
44118.185545074346
-45584.925424254194
57822.384439607558
34684.890614822303
1025.6859892842476
32278.199180551979
43929.484443238427
-44679.475749928912
-38115.875641453793
33373.112026666538
32599.430647627087
38175.41696290586
41247.941091829824
-35948.461742984058
25292.149977216395
26100.159427720806
-49197.656170636445
-36852.223333191097
53360.438447296692
-51772.34911276128
-17917.413269591489
41011.939673047033
44635.033401110064
-44047.539970598358
54066.903275648889
-48285.814962670222
-34322.493483692044
-30679.011281682586
-4426.307037312843
11077.943958173593
-27279.074529751859
3835.8668563517567
49694.222542908392
-18481.457607762175
15851.688938261606
-33510.002109135035
-11280.034477200097
-53431.374960929417
-15897.272500066683
29516.456469723329
31217.695427600425
17653.233165625628
-33146.897099823458
-35918.391048469974
-62455.881824896001
-17959.832731270755
18763.867381701479
59258.335660436598
-48651.056839565208
27240.00250907657
54845.875074025156
-6430.3948203267501
-49673.084176708129
-52922.732876328766
-33574.819169355178
-27042.138711749809
12453.749530973349
-63700.294778906216
-14990.359755926213
13997.8404083614
-22960.567701186417
-8205.7990260492516
-46863.397236131117
27560.411962377955
-31821.787710188859
34089.082854136912
-46123.871573224445
-28250.251584483529
1372.2442010085069
-2237.2273369722097
53408.6940833509
62181.122787199478
9894.7235705499043
-53182.887978197832
32752.044755454728
36703.02826667481
-14168.889463880114
30386.836029357277
-47005.782193882944
-40035.635034247825
-26984.650570667654
57179.18497618963
-19820.209181799175
39961.195616107987
-37387.17385290211
9157.3983941486949
11061.774579731529
62130.773365480272
50799.051917331017
-18494.280944755374
-39605.856397117372
62197.740321680423
20415.004297297943
-9183.0783590508363
-26596.400502648627
22638.739443514729
-19591.181954601285
-63334.642489770675
65448.318036273777
-24806.842408632496
31219.170447823941
35958.523947979935
34977.606648403409
23361.021238334753
-42993.955570989288
18474.227490444508
-1614.2210898688063
-43102.691325067237
16134.555677881785
26114.605004084908
-19035.904633155224
-12643.986319179952
43948.152572711624
-2274.1233003077941
-10277.709660795867
-4943.5698895972891
-9334.7279676535545
17939.735364007298
8116.9639121293585
-1115.3111626864847
30530.401569863519
-2130.3652852902742
-25128.956451057296
-24974.042808386308
-62287.33794014524
-63937.412610828018
-53151.819520035584
-30740.864196925409
-22705.959481067912
-27259.372291062231
-11363.820391657864
-16500.384538299957
10454.992221207242
7237.2874496898876
-4938.0566337400523
9460.0486608692154
16155.522248021967
1573.5124030778243
50014.063699371254
6897.2556024705264
-61576.915109026872
-15652.714334333214
-33662.514267563834
-47667.915239979731
-8165.4197214194573
-21394.100106777696
-54971.285127813768
-21510.015619536935
45329.980518902274
-16887.413678933575
20754.443826581613
54315.881454104048
2700.6231649159745
711.43847288121469
29900.129218279922
13110.881316731466
-48891.565366151015
30756.437378344082
9344.0238866211439
-53106.142061349499
-32878.570857173167
-39483.945770188875
-51064.821016590126
48294.907349463552
34862.052052241692
41974.87262524791
-39718.109033653876
65140.836669308876
-60476.429057835703
-58593.689387039922
44162.158223069258
48059.172404619196
-19507.634559874728
-10193.742431357939
-15247.231351430397
-13703.762957602812
36909.815543315781
-37586.723029447559
-63815.853846292783
-47597.516171950032
-25095.438187535634
-4899.34029348896
-17550.422376160132
-13170.31112428935
9651.067845400612
47922.080285234653
-44619.481825740542
46465.763583912616
-59904.252784374141
3897.8323518874386
-59823.707191233771
-29579.751492238574
922.60516665520845
-31894.322745578465
-36242.313527350299
20085.039411635313
19487.983974694886
57901.261007331093
-51414.530045425243
10923.171099163243
-17603.814359039359
3429.4018154223158
-11019.796419072605
58085.673737766483
-30626.47824320494
-16777.221307386819
19732.058493668592
15940.087654827206
-44635.384774855891
22212.509862041799
56650.895105273987
-16359.972572495215
46755.023083594642
22025.083801907618
13498.017166572026
-52425.381806867823
56638.971846002067
-37956.581016156822
-35306.62158981165
62307.890504684459
12707.091055756566
-45545.825376176304
942.59878950366692
-10170.295601540056
8772.40799123123
53340.924368267719
-23657.858844873495
-29434.488315477283
45919.911007198752
5697.4439673476736
-15359.166709541227
625.7906561033742
-19249.45053946058
42112.106379857811
-55963.224455650372
-41767.275667672482
56900.268173382923
-38745.565438396006
-58743.865899614713
23068.320193906533
59188.750467875783
26573.862976463759
43194.364052204532
-33631.667742523452
-4126.6703577250155
-18010.701476847637
47008.800857505063
13358.693567644063
32033.369140897528
-55685.502921742067
-51245.293428889709
-63276.08877293668
-28812.662063905096
-23063.169791802226
13280.150917818552
3462.3786085868051
60226.690947142677
51021.217865280458
-62216.852593721211
-61789.447893709556
-24186.319238003285
4619.5536467046622
7274.4185230791481
-21956.900560230279
-40907.695481758768
60228.154936756648
-53803.371031986244
-17578.045860886006
38854.216489790269
-27578.791502155975
-10991.196911109131
651.95443243460613
-59953.385729126443
-33003.34231637443
29531.064879229933
18945.818802751106
19025.532864040666
-8791.1377411055582
-57623.447273215075
-153.80209621597896
-7568.6668116752699
-36177.587875978221
-17117.669853025756
-20440.104830726297
-42378.487779794406
-33860.764267032209
-51757.993127856185
-38258.048699107807
13282.032006489462
63392.632448672346
5578.3456522648921
-29827.4354179863
2820.2313513434201
-16737.341353538897
13088.889162533218
-43515.720955152268
-45091.098089271778
44050.847500252115
20865.358159609154
-63268.286294873993
7167.3535383336566
-40402.433324447935
-837.47808212411474
-17076.407452876185
20017.357638316709
-29311.4929175406
-63297.466919888699
33731.024746370647
-23313.814924514867
-25495.153735151995
40711.178313844925
-14088.716733052948
33368.009143707954
63865.775532372878
52810.221726224743
-62458.925644973177
-18861.677232195041
-54170.263971897759
-62009.972031202735
2626.6241287094017
-22936.988425265488
-14354.674110609893
-6132.6919127147994
26001.962385393839
-12006.625063771193
-34409.344203581728
-26551.950859619523
21986.045057060794
50322.124287378421
33651.540749295324
52827.073981739464
15386.914601617449
-16365.421751840986
57806.472829996972
-50564.282175831046
-12060.470052503835
47575.883073247736
30042.476835800917
-20289.53649584786
46818.674399278345
-40938.839936269287
-19678.25052158894
-6554.6128588035499
-54973.816654666924
11312.997955564802
-55605.061905069568
29087.646371912138
22797.529703688037
-22767.805847703916
-56512.583562809974
-14077.277449158515
10434.646073088312
-16830.271008624346
-11663.137074640967
46044.63150450385
36792.414201056672
58327.616630397533
-63201.420798185194
48929.013191236023
-62938.2753023642
12924.530289829592
33736.03572695826
-3056.2692896663211
-34285.048327123412
39497.964364373358
60258.5957741866
4469.4213353149244
-10073.210346696826
-33869.908914330168
-26323.380729408818
11613.144956574091
-3955.7825375535176
-43758.35261729476
1342.5597120182356
5773.4484230782691
34151.911452655753
-54095.196754907593
15709.028532062657
52776.499359789334
37372.701009238895
-54951.968597067913
-9617.5422822196415
-15810.030484583796
-62512.904268783139
22548.611881280434
47454.735803521355
35522.94294112215
51288.763779370085
2237.6685152935825
-13041.187497590727
53149.197001511158
4410.5276007375214
-55185.70319054171
-53382.805394721145
13017.895585213264
-24706.170511718083
7353.5966733541864
63414.418748931887
56745.405146515783
41397.840033805915
-4685.2047011622053
-39060.361633184453
-7083.4676118702191
-51225.445641743645
31367.268476183031
28106.457520290685
-53678.7884584532
-39157.747200323836
63953.526573294541
-49307.540328058385
-29531.437362007549
40735.935127948149
-46730.307584186594
13058.590208539754
-3021.3070136557071
-26068.157898766818
-12143.295710595819
-19767.705502467332
541.73019038922212
47956.452829420916
57550.543569006535
-28180.400835946595
-18291.090355661319
-52603.353808899774
23519.073870832872
-19234.937439056856
-64634.747994995967
46228.089177492351
34415.44847462904
23510.546612219216
-19371.056355131048
2201.080520092597
41647.981805415548
-37843.323552087561
24409.622462841056
-60205.581135529093
-5859.1885318902641
2975.4840003880672
23611.649931381718
-847.55072078800004
52028.169232139611
-10643.041341205564
-34177.229247916868
-33694.230651510064
-46983.739647514391
-37052.000273137455
31421.427502976236
36203.266658813343
-27915.349878192792
44891.621392397778
5562.9862292764155
-11304.732346000746
-2065.5228050813312
-2496.0088796940399
22704.074693674644
-45573.347498555828
13462.555981303434
-7596.5071097354958
-2186.0660255187249
31918.373286051734
-4717.5408996120095
-3117.5193673369067
-62001.767289339929
32163.772154853083
-64420.013793138583
47113.131497641138
-39853.395914183769
61614.663292988102
34708.854583685636
-25084.199469052124
-58279.576026524504
-9508.0606989092921
60737.6472027852
-3877.6542622076959
9891.1918833301752
40047.432185792044
13799.829318664488
6137.893259290533
-12254.425685812152
38085.055138343712
-57861.098036290103
2974.8028154889616
-6577.984138300948
-29430.033984849666
31426.328320876637
60441.263367716761
-20164.787584683625
-16833.741467281536
-5607.1448220563034
-37842.544164671825
-34207.04978868847
-61308.691213995771
-23712.38522862432
63828.961254277601
-1826.1969968735793
-53210.551338524325
9374.9246921732411
-55616.120668389383
-45205.317001235191
32863.466365473927
-31705.965362737013
-61130.232041074923
-3310.838697875588
-2455.1142710264103
49002.921266506004
33968.766928345038
51287.039679526089
36316.645133500788
9257.3680055368022
6139.9096595785086
5532.7789097211644
-61643.29090550651
-44659.389895413973
48553.46118179716
-52735.16464653243
44412.852171340535
-18402.756662543732
64394.784071490241
-36481.882130116705
-21371.466796779656
39960.608381155136
46305.556589421598
-24073.565386117392
39251.057275017432
-27711.597621623354
29735.251791555129
-33730.922405894438
37125.348637618881
-38397.308773513767
-11571.901794624995
-22610.271145417748
46931.816010819341
49850.429059296031
25209.707019769747
-27870.760136626239
564.96167897612031
16446.560028958338
64409.081226576789
35304.355332686056
-5647.9847864569019
-36092.738910630476
14255.816128252744
7503.4926020700805
-6758.3665992287279
-28672.003844313687
-19794.186566554403
-61859.788566059142
56221.755571368645
-46231.197790255115
-40774.262200742029
25518.837065291344
56115.238904267389
-58185.133712240902
51683.527299219786
-57823.929851511522
-63158.526521601059
5357.1716669674497
-11523.997542298341
-37061.597920780841
22848.405384714075
8463.7119888605666
-64747.948269163215
-5635.7246233885817
10308.680450969652
-20815.866229633655
31118.671753884089
-5078.886581486513
-46877.568168393787
60412.952295723182
-12835.502007940042
33197.450328343562
65250.194250291112
-18558.357214847245
-46723.870171942515
42541.791428350174
64358.883343890964
-46641.922035877316
-40119.585222363923
8900.2347555567248
63860.830748484266
-59144.872411533826
-6134.0006568482349
-14840.747782519131
13482.977729222112
-16796.521151932437
27717.380698132969
-47230.77522512844
-2617.4339914067532
-54712.669975540528
6388.6920234598656
-6806.1337501312082
-53522.859111233294
-41899.653673082896
59366.938568441328
5637.4708032774215
18972.349156699653
-61599.588425751048
38164.787576812596
64767.859577696727
40913.3291686663
53301.785171973752
38585.506382367574
-51636.977865170382
50458.212688515603
-47936.132274133139
19889.266144752241
12434.579059569471
-16091.430305892689
23087.504288965793
38131.902549703038
34986.539606138365
7763.2122067602904
34268.44829673745
24762.904631968704
-59841.870181086211
-52257.43856371622
-15694.927336270892
-48015.344562037761
58042.402254057131
55588.927254779948
-26810.109649218153
11483.206672620334
30748.759187182251
-53488.148697763812
47647.976429801056
53621.99050619638
-19382.004133264345
-56176.700987808916
4412.5714197080815
-49711.572272375066
33772.7187079266
26237.543549917333
-58648.086256064213
64773.167899425651
3242.1331055916671
-65063.569896295478
6508.2079236964782
-10776.694264218371
-36626.285102901355
29450.754676745521
1620.6691297671932
-9082.7719967325393
49665.661257089538
-4547.3939767923875
-40085.946122054986
30759.594461409186
40819.06647442843
-2363.473037648786
7911.0405101547076
-47977.912022736389
-974.99144768263795
-61795.669232822678
-102.46497457563237
-48289.140119292584
-16406.893050492363
58626.870084489405
-55848.977718112932
34950.781501471502
64412.277745122075
-63320.208190319303
-63319.522704081697
7324.5960222946742
39604.248432248933
28064.646348420574
18949.499272202404
-10101.603919443223
-63658.544978334612
-52784.694437940736
2198.9269733686087
12633.174044455212
43520.647622958728
5779.8354461695417
-60111.111054302382
64366.42354237265
-62482.451566699223
-63223.549004351196
25626.700749174328
-52313.166805681321
-21803.590790506947
6180.324712943373
45216.441061946272
65260.607169144307
9312.5910120940243
-10676.838967995063
-5875.3731381309917
8478.7485000118759
36561.711584864737
-26810.354554017467
-58364.981339297054
-19800.571155625497
4642.0404858098773
49162.723850339811
4226.643228406756
12312.0818916071
55569.33785209131
64024.861532096344
27654.03661639888
41220.022415352913
-43127.316949287357
-34928.793836700526
-13140.752046662354
47169.59219443053
25867.681723174566
6928.0795689240185
47289.359251061716
18561.334658367196
16795.157831511809
24304.258730736809
15625.421016777545
6870.7879221100447
-60068.904830466985
-63404.90821951472
-50062.42446750305
-27367.691185141346
38951.007725164513
-64874.518716622595
54016.556660208022
48029.618374696627
5492.5925570745458
63364.67652459396
49522.752691305461
-31597.570825406176
-40197.29007568337
40661.184068432238
46695.862693219489
18986.014771306087
35232.962174231099
28550.431218228216
-27125.154152211238
11776.490627016668
-36534.114669412869
-41533.94429404402
-24665.15092190486
38239.779414559569
50021.292496029622
48132.695357014891
-21846.939566411631
-44198.223581097511
-2240.6564400101197
-23739.080761487741
58976.756147539374
33489.241481888108
-53600.557091735187
-18660.73608998445
-51363.736027080318
57384.841797536268
50235.53873820827
-27995.577924652709
9874.653550063289
-65201.082704153654
-13848.480099675871
-27843.647197623271
15688.547795496765
-60288.949692515002
32520.67385459278
-37358.736300301418
-35973.766899046968
32888.598043415463
-61235.645813996016
64625.758293495339
-4871.2885709868133
-5686.67692611237
-36278.182606146482
-65208.888371804904
47672.758247748046
-15931.329350244516
24723.488396751171
30765.920649657724
37741.946991972
-14017.316406951591
-30313.616012957922
-56913.097437324075
-45817.488236013916
-7561.3835212115955
143.21925240347628
20456.661194291853
-22209.961471625342
8359.0123528409313
9163.0103959447151
